EGYPTIAN I7 DATA ADULTS 54 ITEMS (JANUARY 1992)
00541033
   I      V       E
011164
(I5,I2,I1,2X,70I1)
    1211  333131131313113133331133131111313313113311133313333133
    2221  333333131113313113331131131331311331133111133333333133
    3221  313331311133133333333133133311311131333311133333333333
    4231  313333311333113333111333331331313311111313113333333333
    5211  133111131111311113333133131131111311133131131133333311
    6191  333131133133113133333133331111311313133313133333333113
    7221  133111131113113131133131133131311331333333133333313133
    8211  333131331131113133133333313311313131331333331313313333
    9221  313333311133133333313133111311311311131333313333333311
   10211  133333111133333333333333111133333113333311333313333133
   11201  111333331111133333333313333131331131333333331333333113
   12231  333333331113133133333333131333313331323311333333333313
   13221  133131131113113133331133131311311311113311333313333113
   14201  333333131113333133333133111311313113333311133313333133
   15261  133131111111313133313331133331311331131311333113133113
   16251  133131131113113113311131131311111111113311133133133113
   17231  333313111311133331133131333113313331313313331333333113
   18211  133131131113113113311133133111311131111311133133333113
   19221  113131111311113111331131131111111111131313113333333131
   20211  333333133133333133333131333313311133333131333333333333
   21211  333333131313131113333133113133131113333131133313133133
   22271  113331131311113133313133133311311131113111333313313313
   23261  333133131111133131331333131311311311313331333133313113
   24261  313131311111133133331133131311311131333311133313333133
   25211  333333131111131133331333111311311311113311133333333133
   26241  113331331111133133331333133313311131133311333313333313
   27241  333131333131313113331333131311131333331331333333133133
   28211  333133131331113113333133131311111133331133133313333133
   29191  113333131113111133333131111313111313133331313313333133
   30211  113133311113133113331111111131311311113311333123131131
   31201  333333333311133133333333131133111113313311133313333333
   32171  313333111311133313133331111113111111313311113113313113
   33231  133331111113311133333131113111313331111111133333313131
   34181  333333333133333333131313331333311133331333313311113313
   35191  333331333113313313131333133311311311131331133311333333
   36221  313333331311133333133313313113311133333331333311313113
   37231  133131111111313113333133131131311311111311133333313133
   38211  333333111311333333333113111133313133113331333313313131
   39211  333333131111133133331111131111313111113311133113131133
   40211  133131333333113313131331133333113331131313313331333333
   41211  133331313333313333113331133333313131131313331331113331
   42211  113333331113133133313333133133311111131331333313311133
   43201  113131111113111113313131111111313311311311131113331113
   44231  333333331113131133333333131333313333333333333333333331
   45231  333133331111133113333131131131311113133313133313133113
   46221  333131333333133333333333133311311131333333333333333113
   47201  333333131313133113331133111311313333313331133113313113
   48191  313333131113113113333133111113311111133311133113313133
   49221  133333331131131133333133111313311311133331133333333331
   50221  313333111111133133333131331331111331113313313333313113
   51231  333331333133333313131333131111331313213313131333333131
   52251  331333331113333333131333131131113113113133113331333311
   53221  333333133133133333133333333313311113313311133313313333
   54201  313131113311133113333333111311311131131111133313333113
   55201  313333113131111333333133133111311131313313131113131311
   56211  333333333133333333131333333113311331133333333331133313
   57211  113311131313133131333133111113311111333331131313113133
   58211  313133333133131133133333131131313313133331333331313313
   59221  331313331333133113111331333333333131313331331333131331
   60211  333133131113113133331131111113311311133331133333333133
   61231  333333113133333333131333133133313133133113313331331331
   62231  333133133113113133333333133311311133333331133333133113
   63221  333333333111133333133333131333311333133331333313333333
   64211  133131333331333111333131133131331331133331333313313113
   65211  333111313333313313113333333331313331333333331333333331
   66221  333133131111133313333333111331311131311311133333321111
   67201  333111131113333131313113133331131131313131131333331133
   68221  133331111111113131333131131111313311111311133333133113
   69201  333131333333313311333333133331133113333331331333333333
   70201  333333131131133333333333333133313333333331333333333331
   71201  331131131113313133333113333111311331333331333333313113
   72221  133313333113333131133313333333311331333133313333133311
   73231  133331133113111113333131111331311311131311333333313113
   74201  133131131113311113311113111331311111111311133113133131
   75191  113131311113111331113331131331111331333313311111131313
   76211  313333331133333333333331131111311111133333333333333333
   77211  133131131133311133333331113131331331333131333313313133
   78221  133133133133311333313331333331313111333311313333333313
   79221  113333333133313333331331131333311111131333133333333313
   80211  133131311313113113313333131311331331333311333313333133
   81211  333333111313133133331131111331313311311331133313333133
   82231  313333131113133133333133133333111113131331333333333113
   83221  333333133313133133333131131113333313133331333313313133
   84211  133131111113311131331131111331111311313311133333113111
   85211  133131313331133313331333331311313331111313133133333113
   86221  133331331113113113333131131311311331113311133333333133
   87221  333133111111113111333131131311313131131311131333133111
   88211  333333113313133333333333333313311113133333333313333113
   89201  333133131111133113333133111131313113133311133313313133
   90191  133333311111133113331331131111313333333311133113133133
   91201  311133133313333113333131111133311113313311123133113131
   92231  133113131313333113111331133333311113331111311331313113
   93201  133133111113313113331333131331311113113113133113133133
   94211  113333311113113133333133133133311331311311133113333133
   95201  333133131111333133331133131331313333133311333133333113
   96221  333333131113111333313133111131331331313311133333331133
   97241  133331131313131133333331113133331331313311333313331133
   98201  333131131113113133331133133113111133133311133333333113
   99211  111331113331131333131331331133111111131333133111311331
  100201  133311333113313113113313333311333131331111333333133331
  101201  113131133133313133333333333331333111133331333313313313
  102201  333331333313111133331333133331333333313313333313133133
  103231  133333311111131313331333131111313131333311333333133133
  104201  113131131311113113313133131311331131131331133113333113
  105201  313133331113333113333331311331113311111331333333333313
  106201  333333331111333333331313331331311133113331333333333113
  107241  133331311111113313313331131113311131131311333313333133
  108241  133131333111311133313133133311311311111311333133113133
  109211  333133133313113313333331131111311313311313333313333133
  110201  313133331333133133333333133113311331133311333333333113
  111211  133133333131113333333331333311333331313111131133333333
  112211  133111331133333331313331133131311331331313133313113311
  113211  113331311111113133313133131313323331311311133313333113
  114241  133131331113133333333331133331313131311311333133333333
  115211  111133333133133133133333333311333313313333333113313333
  116201  113331131113111133333131131133333131131333133313311111
  117211  313131311111113111333331131311313131333331333333111111
  118211  113331131111133333311131133133311311113311333133331113
  119201  333133131111133333333333131133311331333133333133333133
  120211  131131131131113333333331113331311131131111333113113111
  121201  133131333333313311133333333311313131331331331313313313
  122201  313333131311133333333133131111311333133331333333333133
  123201  333133313133113333133331133111313133331311333111333333
  124211  113133133311113133313333333333311331131111333113113113
  125201  333333131333333331333331331113311113113333333133333313
  126231  133131131111313133311111111113311311311311133113333133
  127221  313311333113113333133311333133311113333333333311333313
  128221  133131111113131133113113131311311111133331133311333113
  129221  333333111113133133331131111111311113133331133313313133
  130211  331111131311113313313313331331313111133331113333333113
  131231  131311111113311113331113113333311111111131133313311131
  132221  131111133113311133311311111331311111311111133333113311
  133261  333131131111111113313131111311111311111331133113113113
  134221  313133333333313333131331131113311313333333133333313331
  135211  313333313333313333333311331331311111331131313313113333
  136221  133131313133313133333331133331311331111333333313333131
  137221  133111131113113131313113111132111111131311131333333133
  138201  113333333131113131133113331311311111331311331333133131
  139201  113133311111331133331333331113313111313111133313333133
  140201  133131331311111133333331133331313331131111133133133333
  141201  133131131111111133313111111131311111131111111111113111
  142201  313331131113131133331133131111311313312311133333333133
  143191  113131131113113113311133111331313331313311133333333113
  144201  313333333331133331133331333133311131133333313333313313
  145191  333333131113133133333131131131311133133311133333333113
  146191  313333111113131133333131111133111333313111133113313113
  147191  113131131113113133333133131133311131333313333313313133
  148191  313333313113131331333331133113311113333333333313313133
  149191  113131331111113313333131131331111111111111333113113111
  150201  333333333133133333133333131113311333333333313313333331
  151221  113131111113111133333133131131311311111311333313313133
  152191  333333111113133133331133111133111113333333133313313111
  153201  133331131131133131333113313131311131113111333333311131
  154191  133331333131133331133311311133311313331131113311313313
  155181  133131131113111133331133131113313311333331133313313133
  156191  131331131111331133331113131133313111333331333333333133
  157201  333333333131133333133333133133313133333311333313313113
  158281  113331333113313113311113131331333131131333333313133133
  159181  332133131113113133333133133111111313333311133333333113
  160201  313333131313133113333133131313111113313331133333333113
  161191  113131311113113313311133131131111131311313133313133133
  162191  113131111313133133313133131113111313131331133133313133
  163191  133131111311313113313133131311113111311111333333333113
  164191  133331111313313133333133133313313311313331333313333133
  165211  313333131113131333333133111111311111313331133113333313
  166211  113331131331113333133133331313313311131311313333333133
  167181  313111131313331131133333331133313133313111331313133113
  168191  313333333333113333133333133333333331333333333311333333
  169191  113133131113133113331131131131311333113311133333333133
  170181  313133131113133113331133131111311111113311133333313113
  171191  133131131113333133333133111113311111311331133313333113
  172181  133333131111111133333333131111311311111311133333313133
  173191  313333313331133333331333331333311133313331333333313313
  174201  333133131111133133333331131133131313113331133313333133
  175181  333311331113333133333133131331311313131131333333333133
  176191  133131111113113133311133131311311311131311131313313133
  177201  333133313133113333133133331331311133113313133331113313
  178181  133131111111131113311131111111311311111311133333333113
  179191  133131113133113333313333331111313331131311133113333113
  180201  333131113133113313133333313111313331111331331313113333
  181181  133133133131131333333333133311333331333313333333333313
  182191  333333333133133333133331313333311131333331313311333331
  183211  333333111111113113331133131331311313333311133333313113
  184171  333333333133131313113333311113311133333333113311333333
  185191  133133111313111113331333131131113111111113133133333133
  186191  313131333133113133311333333311313333131313133333133313
  187181  313333131133331133333131331333311133133113333333113313
  188191  313131113111111313133113331331311131133313313111313113
  189181  113331111113311133313133131313311131111111133313333113
  190171  333333313331133333133333333313311333313333313331333313
  191181  313333313133131333133333333133311333133333313311313333
  192181  333333131111133133333133111113111113333331333313333313
  193191  333333313331133131331113331113311131333311313133333111
  194181  333133311113131133333131133131311113133311313133313131
  195191  333333331313331333333133131133311131333331333133133333
  196191  313113133113133111331313333131311331313311111133333133
  197201  313131331113111133333113131313311313313311333313313313
  198201  113131313331113133313331331331311331131313313333313313
  199201  331311331113313133333113131111131111333111133333313133
  200201  333131131113113133313133131311311311113311333313133113
  201211  133131333111113333133331333111311311311311313131313333
  202201  313331111313113113333113133111311111331333333333313111
  203211  133331133311113113133133331111111311331311133333333133
  204211  313331313131311333133311333333111113131331133313333333
  205191  113111111113111113313133131111111311311311133333333133
  206211  333133333113113313333333111313311331113311133333113133
  207211  133131333333313313113331331311333331331311313333313111
  208211  133131333313313311313333131331313131333333333333131331
  209201  133333313133133313131333313311313133313313113311133313
  210201  113131131133113133313133131311311131331311133133331133
  211201  131131113313111133331131131131311311313311333113313133
  212201  113131333133113313313333113331331331311331133313333331
  213201  313313133133333331131313333113311133133311311311333333
  214201  313333331313313333333331133312313133133331331333333133
  215211  313133331113113133333311311111311311133311111113333113
  216201  333333131113333133333133111333111131113313333333333111
  217211  133131131311113113313133131331311311111311133313313133
  218201  333333313333313311133313331333311131133313333313311333
  219211  313333331111133333333333131113311113313331133313313133
  220201  333133313131113313113333113113331111333311333333333333
  221211  313131113133313313333133131111311331113311133313333113
  222201  131113131111113111333111131311311111111311331133311113
  223201  333333131331333333333331333113313133333131133133333133
  224211  313331331313133133333131131331311333133331133333333113
  225211  333333333331111333113333333113311133333333313331333333
  226221  113131131113111113333133131131311111113311133313333131
  227201  113331131113131133313131111331133111133131333113331313
  228201  333333133131133131333333133133311133333131331333333131
  229201  133131113133113313333133131311311133331311133333113113
  230191  313331333133313313113313333311311331331311313331333313
  231201  313131131113113113331133111111313111111111133333131133
  232211  133113131111131133333133131131311331133311333113333133
  233211  333111133133133113131133133111313133111331111333133133
  234211  333333113331113333133333333313311331333333333333333333
  235251  131111311131312331131313111311311311313313111333313311
  236211  133131111113111313311131131331311331111111333133311111
  237221  113133111113111133331111131111111111313111133113331133
  238201  313131111131113113333133131333311331313311131313333133
  239191  131333333111133313333333333113131131331313333313313333
  240191  133331131131313133331333331113311131133333133313133333
  241191  133131133113113313113333131311311331311311333331311131
  242191  133131331313313113113333331331333111131331313311331333
  243211  333331313131311333333311131113311131113331133333333113
  244201  333133111113133133333133111111311113113111133313333113
  245211  133131131111113113331133131131313331131113333133331133
  246191  113133131111133133333133111331311111333111133333333113
  247231  313113111113113113333113111333311131311331333333333133
  248231  313333131113133133333133131113111333133311333333333113
  249231  133131111313133113333131111111311311111131131113133113
  250231  133331131113313133313131131311313311331111133333313133
  251201  313333333331131333133333133311313131331333333313113333
  252271  131333133113311133333111331311311313111313333313113111
  253191  311313111111311311111113331313111131111331313131313131
  254181  133331111131313313311133131311313131131311333333313131
  255191  313333333333113333133333333133311331333333113311333333
  256191  133131331131113331133331333311313331331311333333333133
  257181  133131331111313113313131111311311311111311133133333113
  258181  133331333113313333111333333311113111331131133333133313
  259181  133131111311133113333131131111311331133311133333113113
  260191  313131331111131113313131131311313331131311333333333113
  261181  133131131111113133331133131311311331111311133333333133
  262181  131333313331131131133313111131313311131311313333313113
  263201  113131111111113133333133131131311311113311133313333133
  264191  133333111113113333331133331133311331333331133313333133
  265191  133333333313133333313333131333313113313313333313333133
  266181  313311111333111311113131131133313331331313131313313331
  267241  123331333331133331113333133131311331133313333333133131
  268221  333333111111113113333133131111311331113111133113133133
  269221  313313313333313333133333333131313333333331313331333311
  270241  333333131113133133333133131311113111113331333133333311
  271191  133331131113333133333111331133313131113111333333333133
  272201  113131131113113113313131111311331131333311133333333133
  273191  313333313313133113333133331111311131133313133333333113
  274191  133131131111113133333131131131333331333311133133333133
  275181  113131131113331131313111131331311111111311333133113113
  276201  333333131133131133313333111331311133313333333133333111
  277181  113331311133313331133133133333311133133333113313333113
  278191  133131111133113113333313131311311333333331333333333113
  279191  133131311113113311313333131131311131311111131313133133
  280211  133131111133111133333131131311311331311313133333333113
  281191  313131131113313333313133133131313113333311333333131113
  282241  113333111113333133331113131333333113113331133313131333
  283181  133131131131113313333331331111311131133311333333133331
  284191  313333131111131133333113131113111113113331133313333133
  285201  333333331131133113333133131113311331133111333313333133
  286201  333333333333333333133331333131313333333133313333333333
  287181  333333311313113333333333111133313231133311133333332113
  288181  113331333133113313133331331331313131311333113333333333
  289201  333331131313131133333133131113311133313311133113333113
  292181  313133131113133133331131131131111113133311133333333133
  293201  133331313133331133133333331333313131333313313313313333
  294201  113331111113333311131111133331333113331133331333131331
  295181  333131311131113113333333131313311333331311133333333113
  296181  113111313113131333333331131311311133111331133333333133
  297171  331313331133333133131133333311311111331333331311331313
  298191  113133313131133313133333333311311131331313313333133333
  299201  313131333331113333133331333313311313131333331313333113
  300201  133131111313111113331131111331313131111111133313333111
  301191  313331113133113133333331133311313331113331133313311131
  302191  333133133131333133333333313313313331133333133313333133
  303201  333333113331113133333133131311331331333311133333333133
  304191  333131311111113133333133131131111133133311133313313133
  305181  333331311133113133313331133311313131333311333333333133
  306191  113333333113133333333331133113311131313331333333333133
  307191  133331131111111113333133133311311311313131133333133133
  308201  133311133131313333133331333133331131131133313311333331
  309201  333333333131133333133313133133131133331133323311333113
  310191  113331331111113133333131133133311131333311333333333111
  311191  333133333133133333133331333311331333113313133313333313
  312181  113331133131113333113331333133111111113313313331333313
  313181  133331111111113133333131111333111331311333133313333113
  314191  133131333111113133313133131311311131131113132113131111
  315191  113331331333133133333313133133313133131331333313333333
  316191  133131313311133313333331331331311111331333313113313333
  317191  131311113131313311113311331313331111111113111111111111
  318191  333333311111133333333333133313311131333131333313333133
  319191  113111113333333333133131331111331331131313311333113331
  320201  113131331313113133333333133111311331133311133113333113
  321191  333333131111311333133111313133311133133333133311313331
  322191  333331333131133133133333331333313131331333133333333333
  323211  113331311313133113313333113313311331131113133313333113
  324181  131311313133313331133331313111311313331333311331113331
  325191  323131311111113113333133131113111311313311113333331111
  326181  333331131113111133331133131131111331133311133133333133
  327201  113131131131111113333111111111111111131111133313333133
  328191  133131131113313133333133133111311131331311133113333133
  329201  313331311111133113333111131131311311113311133313133133
  330181  113333111113333133333133113313111113113311133313333133
  331201  133131331113113113333333131331313331331331313133333133
  332191  313333131113131133333133131133313333113331133113333111
  333181  133131313133113113333331133313313331313333113313333313
  334211  133131113313113133331133111311311331131113133333333133
  335211  313113311331113133113311313111313333133133311131113333
  336191  133331131311313133333333131331331331331311333333333133
  337191  133331131133133133333133131113313331133311313333333113
  338201  333333131311333333333131111331311311333331333313313113
  339181  133131311311133313333133311311311133331133333333333111
  340191  113111311133333131313111333311331331331311131333313111
  341211  113131131313113113331133131331311331331311133333133133
  342221  133131131113133133333131133331333111331331113333313133
  343211  333333333333133333331331333113313133133111113333333313
  344201  113333333311333113111331311313131111331311313311333333
  345201  333133311313113113333331331131311131111311133313133133
  346211  313333331111133133333331131113313133113311133133133133
  347211  113133111111313113333131131311313111113311133333313113
  348211  313133311111131313333313131311311133333313133133311133
  349211  133131333133313333333333331311311311111311333313333331
  350211  333331331111313131331313131313331331313331331333133131
  351221  133133133311113333131333133321313331333331333133133133
  352221  133131331111311113313133131331313331311313133313333333
  353211  313131111311133133333131111313313331111111133313333113
  354201  333133131111113313333133131131311331311331133313333113
  355231  333131131113111113331133111311313311333311333323133133
  356251  123331333133111333333333333331313333333113111331313333
  357201  133133311333113113333333333311311131313333333313333113
  358201  333113133111333113133313133333331313333333313133333313
  359201  333333313331113313113333333111113333333333333331333333
  360211  333331333133113333113333331311331311113331333333313333
  361211  313133331113131133333133131131111311113311133133333113
  362221  113133131113131133333111131131111311113311133113313131
  363211  113131111113113113313131133331311131331111333133313133
  364221  133333311111133133331133131333311113113311133113333133
  365231  133333333131331331133333333113331111133133333331331333
  366231  333313333313331313131131331333333313333333331333333133
  367221  333313331111333113331133131311311333333311131133131113
  368211  313133111111133113333133131111311311113311133313333133
  369211  133331333113313311333333333111311331111313313113333331
  370221  113131313331113333113333333331311131131313311331133313
  371221  313333311111133133333333133133311113133331133313333133
  372261  131331333133111313133331133311313331133311113333133311
  373221  313131331111313133333133111131311131111311131333333113
  374201  113131111313311113313131111111311311113311333333333133
  375221  113131331111113133331133131131113311113111133333333333
  376241  113131131111131113231133111311313331313111133313133113
  377241  133133313311313113333111111311313331133131333333333133
  378201  333133111113131133331133111311113111113311133113313133
  379201  313333133333333133133133333111313331313311333333133313
  380221  313333133331133333131111311131311333133331333313333313
  381211  331313313133131331131311333313311331113111131331311311
  382231  333313113111333333333333111113311113333331133313313133
  383211  333333133133113333133331333133313331333313313333133333
  384241  113133131113133113333133133331333111113311133313333113
  385201  133131313133313313131333131311113331333311313333333333
  386181  333333331111133133333133131113311113313331333313133133
  387191  313133313133113333333133331311311331331311333333313133
  388181  113331131113313133313133131111311311331311133333133113
  389221  113133331131133333113113133133311131133311313313333113
  390181  313333131113331133333333131113111113333331133313333133
  391181  133331333311113133333333331313333333133313333113333333
  392171  331331313111133333333331133331311131131331333333313113
  393181  313333333111331331131313333133133113333133313311331311
  394181  313333333133331333133331331113311113133333333311333333
  395211  333133111113313133333113133331311311133311331313133113
  396191  313131131313113113333131131311311131331331133333133113
  397181  133131131313111313333113131131311311133311333133333133
  398181  313331131113111133333133133313313333333133333333333133
  401181  113333311111131133331133111313311131331311333113113131
  402271  333333313331133313133331333331311333331333311331133333
  403191  333131133113133113333133333311311131333311332313133113
  404221  113133313133113333133333333133311311131331313331133331
  405261  333331333333113333113333333313331131131133113333131333
  406231  313333131113131133331113113133111113113131333313333133
  407241  333333333333113333131333331331311111333113133333133113
  408231  133131131113113113311131331331331311131311133333313113
  409231  113331333133113333333333333331311133131313333333311333
  410231  133331113133113113333333131111313111111331133333133111
  411251  113131131113113113313131131313331133331131333333333113
  412241  333333333111133333133333331113311313133333113313333333
  413231  133333111113113113333131133331313311133111133333123123
  414231  333333113311133113133333133111331113333333313313333333
  415231  133331111111131113311131131311311111111311133333133133
  416251  333133133111131113333131111311311311313111133333113113
  417231  131111311133113111331331131331311331113111131333333313
  418231  113131311113313113331131131311311111311331333333333113
  419221  313131131113113113333331131311313131331111113131333331
  420241  133131131113313133333133131133311113333311133313333113
  421251  313331133113113133331131111111111131313311133313113111
  422251  133131333313113333313133131111331311131313333313333113
  423231  333131311313133113333331131311111313311311133333331133
  424231  133131131113111111331131131311311311113311133313313133
  425251  113131111113111133333133111311313331111311321133113311
  426231  133133331111113133311133131331311311111311133333133113
  427251  333331131113133113331131111131311111133331133133333133
  428221  111111333313111313331313331331311331311331333333333131
  429241  133131313311113313333133313311313131333313133333331133
  430231  333333111113113133333131131111311313133311133333333113
  431241  333333333331133333333333333331311333113333133313333333
  432251  313333111133133133333131131311311111113311133333313133
  433251  131111311113313111313311131331313311131313331313133331
  434231  113131131313313313333111131311331111111311333313333113
  435231  333331131113131113333131111311331111133311133113133131
  436231  113131331313311333313331131131111313311311133313333133
  437261  133131311111111113311111111311311111331311133333133111
  438261  333333311113133333331131113313333333333133333313333331
  439271  111131113113133313313111311131313111311131133113331333
  440231  133131111113331113313133131313313111113331133113133113
  441241  113131111313113113313111131311311131111311331133111111
  442221  333333313313131331133331133133311133113333133331133333
  443201  333333131113133133333133133113111313333331333313333133
  444201  333131333133313313113333331331313131313333333133333333
  445211  133331111113133133333133111111311111131331133313333133
  446201  133131111113131113313133111111311311131111133313333133
  447221  313333131111133133133333133113311133333331333313333333
  448201  333313313331333313133333331311311131333131111333333333
  449211  133133131113131113333131111111111313113311133133113113
  450221  133133113111311131333131131131311311131311133313133111
  451211  333133313111133113331131131133313131133111133313113311
  452201  333333131111133113333131111131111113133311133313313113
  453191  131333111111131131331133133113311113133311133133113133
  454201  333131131113131113313111131311311111131331133333323113
  455211  313133131311131133331133131133311113313331133333333133
  456211  311331331133113131313333113131311111111113333333313111
  457221  113311333113111331333313333331313131331133113333333313
  458201  333331333133113331133333313313311131333133333313113311
  459201  133111333333313313133333331331331111333333313333133333
  460221  333331131111113133313131131311311131111331133333133111
  461201  133133113133113313333331331331311131113311333113133331
  462211  133131113113113133113131113113311131133313133313313333
  463191  333333133133133333133331333113331113333333313333331313
  464201  333311333333331333133331333313311133133333313333333333
  465211  113333333133133333133133131111311311311313133333333113
  466201  133131111311113133331133111311311311313331133333313133
  467211  333331131313133133311133131313311311331331333313333113
  468201  133311333133311333133333133133311131133331313331333333
  469201  333131311113333133331133133331311131333311333313313133
  470191  333333131113111133333111131111311333313331333333133133
  471211  113331111111313133331111111311311111131311133313313111
  472231  333333131113131113333131111111331313133311133333331133
  473211  333131131111113133333131131131111111313311133113133133
  474201  331111111113313131133113131133313111333131131313313111
  475201  333111111113111113313133331113311331333111131333313111
  476211  113131111113113113313133131311311131331311133313313113
  477221  113333131113333133333131131333311133333331133333333133
  478201  313133131113133113333133111311313111313311133333113113
  479211  133333333113333333311333133333311133133331133333313333
  480201  311333311133133333333333133133311133333131113333333333
    1210  313313333333133333133333333333311111331313333333333313
    2210  113131111133113313113333331313311331331313333113333133
    3220  313333131113113133313333131113311311333331133313333111
    4200  113131333133113313333331331331311311311311333313333113
    5210  331133111113133333313133331313311131313311333333133133
    6220  113331331313133113333131131333311331311331333133333133
    7230  113331111111111113313131133111311111131331133113331133
    8210  133331313313111333313333133313311111133331113113313333
    9210  113133131113313133133133333113111311333333313113133113
   10210  333131131313113313333333311111311111333311133333333111
   11250  113333111133133313333331131111311133313311133133333113
   12210  113131313133113113313131133331311131311111333333333133
   13200  113333131113113113333133111313111331313111133333133113
   14210  113131311313113313313131113111311111111111333313333133
   15210  133331333333313333313333333331331111331333133331333331
   16210  333131131113113133313131113311311331131111133313333133
   17210  113131131311113133313133331331311111131313133133333133
   18220  133131133131113313311331331111311111111311133333313133
   19230  133131313133113313113333331131311131331313133311333333
   20220  113331111313131113333131131111311311131311133333313113
   21230  133131333133113313111331331331331331111313331333333331
   22210  131131311113113131333113131311331333113311333113333131
   23210  113133133333113313133331331311311311331311111331133313
   24220  313331313133111131333333333331311331311311133333333131
   25220  333333313133133313133333333133313333133131313331133313
   26220  133131131113113113313331131311111131131311133333113113
   27240  133131313333313113313333133131311331131311313333333133
   28220  113131111111111113311113131111311111133313133333313113
   29210  313133133133113313133331313311311131333313313313113313
   30220  133131111113113133311131111113311311131311133313313133
   31220  113331111313131113333131131111311311131311133333313113
   32210  313331333333113333333333333333313133311311333313333333
   33210  133131331111113113313333331311311113331313313333133113
   34240  333331313333133333333331133113311311333333113311313333
   35220  113331313333313331133331333133311331331331313333133331
   36210  133331333133113333113333333133311131111333333311333311
   37230  133131131313113113313131131311111311331311133333333133
   38220  313333331113113133333333131113311113133311133133113133
   39210  113131131113113113311133131331311331131311133133133133
   40220  133131313333113313313133131311313331131311133333333111
   41230  313133131113111113313331111331313331111311133133333113
   42220  113131133111313333313333331311313131111313133113133333
   43220  113131113113111313133131331311311331111313113311333313
   44220  133131311331113313313333131311313331331113133333113133
   45220  313333131111113113333131131311311111331331133313333133
   46240  313333113113133133333133131313311113333331133333333333
   47220  113131311111111113331133131111313131331111331313111131
   48220  113331313331113333133331111333311331133313313313313333
   49350  113331333113313333313333333311311311131113333333313333
   50220  133331133113113331113331311311311331131311113313333333
   51210  113133111133113333333333131333311131333331333313333333
   52220  133131111113113113313133111313311331111311133133333133
   53220  313331133133113333133333333333311331331331333333333313
   54340  133131311113113113313333111311311311311331333333313113
   55210  113331333333113333113313333333311311331113313331333333
   56210  113331111313113133313133131131311313331331333313333133
   57190  133131131113313113313133111311311311311311131333313133
   58200  113131313133313333113331313311313111111111333113333311
   59190  133331333131311333133331333311311111111331333113113333
   60200  133131111113113133313133131311311111311311133113313133
   61200  131113111131113331133311113131131333131311311131111313
   62200  113131311133113313113331131111311311311333313131333333
   63180  133131311111113113333133131311311131331311133133333113
   64200  313333111111131113331111111131111311113111133133133133
   65200  313131333133133313113333331311313311111313313111333313
   66190  133131331311111133333113111311313111331331333133333133
   67190  133131131313113113313333331313313331113331131113113133
   68200  333333331313133133333333111311311133133313333313313133
   69200  313131311111133113333333331111311331313311133133133113
   70190  133131131113313113313133131111311331131311133333333133
   71200  133331333133133313133331331311311131311313133333313333
   72200  113131131313113333113333131131311131131131113113333133
   73190  113131131313113113313133131311311311331311333113333113
   74210  113131311113113113313133111311311311331313333313333133
   75210  133331331113133133313331131111311131113331133333333131
   76200  111313313111133113113331313311311111313111113113333313
   77190  133131113133113113313131131111311131111313133313133113
   78190  113333311313313133333131131113311133333331333113333133
   79190  133131331133133113333331111311313131311311133333131333
   80180  133111333131113313113333331311311331311311113331333333
   81190  313333131111311131331113111111111113333331133133313111
   82200  113333311113133133333133133313313331333311133313333133
   83190  113131131113113113313133113111311331111311333133333113
   84190  113111311313113111333313111311331331331331333333113133
   85200  313333131113133133333133131313113311133311133113333133
   86210  133131333333113311113333333331313131131313311331313333
   87180  133331111111113133313133111311311131331131333333313133
   88190  133111331311113113313333331311111311331311333333333113
   89190  333333331333133133333133331313311133313311333333333313
   90190  133131311333113113113331331311311131131311333333133131
   91190  133131131311113113313131131311311331113311133113333133
   92190  113333131113131133313133131311111111133131333133333133
   93200  113131333133113313111311333311311131111311313133133333
   94190  131131111311333133311131131311311311131131133113333111
   95190  133131111133113113313133111311311331331311133113133133
   96190  333133333133131333131113331113311313333133113111333313
   97200  333331333313133333313333133311311331331311113113333333
   98200  333333113133133333133333331111311313313331333333313333
   99200  313333311133133133333133131311311133333331133113333113
  100200  113331333131113333333331333311313333313113333313313333
  101210  113131131333113313311133131311311331331313313113333113
  102190  333131131113113133333133131111311331311133333313333133
  103200  133131333133113311111333331311311311133331113313313313
  104220  133131333331113311333333331311311333331313333333333313
  105200  113311333331113313113313333131311311133313111313313313
  106210  113131111113113133313113331111311331331311333313113133
  107230  133131131313113133333333133311311331333111133333333111
  108200  331313131313113111333333331133311313333331333133333333
  109220  313131311333113313313331133113311111311311113311313133
  110200  113131333333113313113333331313313331131311333313313313
  111190  113333331313113313333331311333311113311311333111333313
  112210  133331333333113333111333333313311331131113313113333333
  113220  133131111313313133333333131111313311131311133333333333
  114220  113131131313113133313131131111311311131311133113133133
  115220  133131131113113113313311131311311311131311133113313133
  116200  333333311111111313333133331113311311333311333133113113
  117190  113131111111111113313131131111313111131311333113313113
  118190  333131131333113113333133131331311331331311133333333133
  119210  333333333331133331133333331331111333313333333333333333
  120200  333331313333113313313333331311313131331313333313313133
  121230  133131111313113113313133131111311331111311133113333133
  122180  133331131113113313313133131111311111131331133133313113
  123180  313331313133113333113313333113331331131133313133313313
  124180  133131113333311131113333331331311133333111313133113131
  125190  133131331113113113313131111111311331131311133113333113
  126190  133331131333113113333133331311311131331311133113313133
  127190  133131333333113113313333331311311331131311113133133133
  128180  133131111113113113313133131311311113331311133113313133
  129180  133131331113313133311131131331311331111311133113333131
  130180  113331131113133313313133131133311111311311333113313113
  131200  133131331111113113333131131311311131311111133113333133
  132180  133131111113113113311133131111311131111313333113333133
  133180  133131133131113113313133331331311331333313313133133133
  134180  133331333113133133313333133311311331331331333133313113
  135170  333333331313133113333333133113311313133311333313333133
  136180  113131311113113133313333111311311311313111133113113133
  137190  313333113311133313313133133311311111113311133113311111
  138180  113333111111113133331133131133111311113311133113313133
  139250  133131131313113113313133131311311331131313133333133133
  140230  113131331313133113313333113331311311331311113113333133
  141210  113331111113111133333133111113111311131331333313333133
  142230  113131113333113313113331331111311331111111113131113313
  143220  313131313331113313113131331331311131313113313113333133
  144220  313133131113113113333131111113331333133331133333333131
  145240  133333333113113333133333111311111331131311333133313111
  146230  313133333133133333133333133113313111333333313311333333
  147230  133131313333113133333333133311311331313313333313333333
  148230  113331311113113313333333111111311111331311333113333113
  149230  333333131313133113333133133113311313313131333313333133
  150230  133131113133113333333131131111311311111311133313313113
  151240  133131313113113313333331311331311331113111133333333111
  152220  113131331113113113311131111311311131131131333133313131
  153230  133131313313113333113131331331311331331311331133333133
  154220  133131133133113311313133311331313331331311311313333113
  155210  133133331133111311333333131331331331313311133333133133
  156240  133113331333113311332131311133311111333131333311111333
  157220  313131333331113313133333333132113331333333333331331333
  158230  133131311113113133333133131331111131113333313333333133
  159240  113131113133113113113131311311313331111311113113113311
  160240  133131331313113313331133131311311311331311333313333333
  161220  133333331113111133333131131311111133333333133313333131
  162210  313333131133133113333313131113313313333331333113133133
  163250  131311313113111333313331131311311131131113333113313111
  164210  133131333331133133113133331311313333113131311313311133
  165220  133131313113113333313133131131311331331133333313333133
  166230  133131331333113311313133311331313331331311311313333113
  167220  113333333333113333133333333333313333331133333333333333
  168240  133331113133113133313331133311311331311311333333313313
  169230  133133333133111113133133131111111333333311113333333133
  170250  333131111313111113313133133331113331111111333133333133
  171210  133131131133113113133333131311311331331313133133133131
  172250  113131331313113313313333131311311333131333113313313333
  173220  113333313311113333311131131131111333333311333313113113
  174220  313333313131133333311133131133313111113113331333323313
  175220  333133131313113313333333131331311331313311333133333113
  176240  133331131131113333313331331311311331311111333313313311
  177230  133131131333113113313331131311311331331113331113333131
  178220  113131331333113113313333331311311331111311113133133133
  179200  333311133113331311333333131131331131133111333333333331
  180180  133131313333113333113333331311311131331311313331133333
  181190  113131331313113113313133331311313131311311333333133133
  182180  113131333113113113313333131131311131313111133313333113
  183180  133331333331113313113331331131311111131313311313313313
  184180  133131311133113133313333131111311331331111333133133133
  185190  133131111111111113313131131331311131111111333113133113
  186180  333333331113113133333133131111111311333111133333333133
  187180  133331311311113133333131331113311133131313333333333133
  188180  313333331331133133333131131113313313333331333333333113
  189200  133333333333113333113333333111313111111113313331333333
  190180  333131333133113313133333333111313113331331313311133313
  191190  333333333331113313133333131311311313331113133313313333
  192180  113333331313133113333333131311311111313331133313113133
  193180  113131333113113133333331331313311331331331133133333111
  194180  113131113311113113113133131311311131311313133333133113
  195180  133331111113113113113133133313313331131111113313333111
  196190  133331313313113313133333311331311331333313313331333313
  197180  133331333133113333113333133311311331331313313333313333
  198200  113131111313113133313133131113311313333331133313113113
  199170  313333131311131133333133131133111313133333133313113113
  200210  131131333133113313113333333311111311133333313331333333
  201190  313131333133113113333333333131311331131313113133133333
  202180  113131313133111313113333333111311311131313313333113333
  203180  113333113313113333313331333313313331131311333133333113
  204200  113331111313113113313133131131311331131311133113111133
  205180  313313113313333111113331113333313133331333133311313313
  206190  133131131113113113313131131311311111131311133113333113
  207180  133131131313133133313133131111311131331113333313333133
  208180  313333111113131113333133111111111123333311133133133133
  209180  333333133133133333333133313313311133333331333313333113
  210170  133131331313113113313133131331311311331331333333333113
  211180  311313111133331331333113331133313113133331133333131133
  212190  333333111113133113333133131131311333133311133313313133
  213180  333133111313133113333133131111311311333333133313333113
  214180  313331131113333133333133111133111313133311133333113113
  215170  133331131113131113333131131131111111133311133113333133
  216180  313333111113131133333133131113111313333131133313333133
  217180  113331111313113133333133131113311311113331133333313133
  218180  313331311313113113133133331311311313333311333333133133
  219170  333313113333313333133313333111313331331331333313133333
  220180  313333333133331311131313333333111331333333311331333313
  221180  313333333133113333133331133333311133133333313313313333
  222170  133331313331113333113333133311311331131313313331313333
  223180  313333313331333313133313331313113131311331333333333313
  224170  333333131313313133313333131313331333131331131331113313
  225180  113131131113113113313333331131311133311311131113111131
  226170  133331113113113113311131131311111331131311333313333133
  227170  133331111113313113333113131311311111331311133333313111
  228180  333111133313311133333311331331311131313331133313313313
  229210  113331131113111113313333111111313311311311133113133113
  230220  313333313333133313133333333131311133133311313111333313
  231210  113331311311111333333333333313313131331313333333333133
  232240  133131113113113113313331133311311331111111131133133111
  233220  333131311133113313113333333111313131111113133113333133
  234230  313131113133113111113333331311311311113333333333113113
  235210  113331333331133333333333333111311331311313311313313313
  236210  133111331333113313331133131111313111311333131313133333
  237230  133131111131113113313331131111313331131331133333313313
  238210  313331333313113333313331333311311331311311331313133133
  239200  333131313333113333333333331113331311311311333333333133
  240200  113131331311113113333133131111311331333311133313333133
  241200  333333331133133333333333331331313331331111333333311331
  242220  113131133133113113313133331311311331331311333313313113
  243240  113131133133113113313133331311311331331311333313313113
  244240  313133331133133313331133331311311111333313133333333133
  245230  113131131113113113313131111311311331131131333313313133
  246220  313333331313133113133333113311311113331331313133313311
  247240  133131311313313113331131131331313331111113333133333133
  248240  113131131113113133333131111111111311131311333113133113
  249240  313331331111111133333133131131313311113331333133313131
  250230  313133313333133333333331133331311331133313333313333333
  251220  133331113113113333333331111131311131111311133333333113
  252230  113131111113313113313131131311311131111311133133313133
  253220  333131131133313313313331311311311311331311133133133131
  254220  333131131113313113313133131331311331331311333333333113
  255220  133131111133113113313131131111311111331311333333333313
  256230  313333313333133333133331133313311333133313313313333333
  257220  113131313111113313313331131131311333331313333333133133
  258210  333133111113113113313131131311311311333311333333333133
  259220  333333111111133133313333131331311311331313133133313331
  260220  313333111311133133131131111111311131131311133133313133
  261230  333131131113111113333113133311111331111311133313113133
  262220  313131113113113113313133131111311131333313111133133333
  263210  133111333313113333313311333111131131131313113113133331
  264220  333131131313133133313133131331311333133311133133333133
  265230  113131111111113133313131111111311311133331133113333113
  266230  133311333333313313131133333131313131311313333331133111
  267200  313333313131131333133333333113311133333311133313133333
  268220  111111131133311111313133131311311111311311133313331131
  269210  113331313333133331133333333313311333331111333333333333
  270220  133131131133313313313333131311313131131111131313133113
  271200  113131111113113113113131131131111311131311131313133311
  272210  113333133311133333313333131333111131133333333313333333
  273200  313333133133133333133333331133311111333313313333333333
  274200  333131331113333113333133131113311111333113333333333133
  275190  133131111313313113313131131131111311111311133333133133
  276200  133333131113131113313133133333311113133313133113313133
  277210  333131133113113313333333131311311111111111133333333313
  278220  113333311333113333133333131311311331331311133333333333
  279210  313333313331133333133333333333113113331313313311133333
  280230  131131131113111113311113131311111311311111133333333113
  281200  133131313113113313113333331311313331131313331333313333
  282190  333133333133313313333313331311311331333313333333313311
  283210  133131313113113111113331131111311311113313331113113333
  284210  313313313113133331113333133133311311131333311131133313
  285220  313131133113113113333333331311311111111331333333133133
  286200  133131111113113313313333131131311331133311333333333133
  287210  133131331333133333313333331111311331311311333313313313
  288200  333333331313333113333333131133311313333311133313133133
  289210  313333133133131333313333333313313133333331333313133133
  290230  133331131113111133313113131131111311331331113133333113
  291200  113131333333113333313333333333311131331333333333333333
  292220  133131133313313113313333131311111331331311133133333133
  293220  313333133333133333133333333111313333133113313113133333
  294180  113333331311113133333133133313331311331333133133333133
  295180  311333311131113333333331113131313111333331313113133133
  296180  133133311113113133333333133313311333131311133333313133
  297180  113331131111111113313131131311311311331311133133333113
  298180  133131333133313333313333333131111131131333133111333313
  299190  113331131113111133333133111311311131331311133113333333
  300180  311333133311133133333133333313111133311311133311313113
  301180  133131133331313313313331111311311131331313133113333313
  302180  313333111113133333333133111331113133333311133313333133
  303190  313331111311113113313333131311311111131311133113131133
  304190  313331333131133333133333313131111131333313313333313313
  305170  133331311333313133333113331111311113331331331333313133
  306190  333331331133113133333133131311311331133331331313313113
  307180  313331313333113333333333131313313131333333133133333313
  308170  313333111113133133331131111131111113133311133113133133
  309170  113131333131133313113333333111313331331133311311333333
  310180  313131311313113113333133131311311311131331133333133133
  311180  313333111133133313313333131311311331113333133113313133
  312180  313333333333133333133333331133331313313333113311313333
  313170  313333333113113113333133131131311133333311133113313133
  314190  313131331311133333313131133311311133331311133333333313
  315180  133333111133133333333131133131311133333333333333333333
  316180  333133313113133131333133133333311313333331333313333133
  317200  113131111113113133333131111111111311113311333133313133
  318200  333331333131113313313333333331311311331313333313333333
  319200  133131131313313113313133131311311331111311333333333133
  320200  333333313333133333133333333111311133333333113331333313
  321200  313131131311133113333333131311311331133311133133333133
  322200  133131311113113113333133331111311331131311333333133133
  323200  133131333313113333113133333313311331331313131333333113
  324190  133111113331113313111331331111311311131113113113133333
  325190  333331333333113333133333333113311331331313313333333313
  326200  313333333113133333133331113313311133131313333313133313
  327190  113331333133113333113333331311311131311313111333133311
  328200  333331133311113113333331131311313331331313133313333133
  329200  133131313111111313113331331331311131331311313113333313
  330200  313333111113311333333333133113313331313311333333333133
  331210  113313111111111113133113331313333131311313313111113311
  332190  313131333133111313313333131311111331331311333313333313
  333190  113131131113113113113333133111311311333311333313333133
  334210  333131131113133113333133131111311113331311133113311133
  335180  133131113113111113313131331331333311331311333133333113
  336200  313331313111113333333333333313311311331333113331313333
  337230  333333111113113113333131131111113131133311133113313333
  338200  133331133111333333113133131331131131131331313331313333
  339210  113131131113113113313133131331311311133311133113333311
  340210  113131131111313113333133131311311311311311133333133133
  341200  313331331113133113313333133311313131131311133333333133
  342200  333331131111313111311331131131313111131331133113333331
  343210  113131131111113131333331111311311313133111133113333133
  344200  333333313131133313133333333311311131131311313133133333
  345210  113111333333113333113333331331311311313313333333313333
  346190  113331131111111131313331111311311111111311333133113133
  347210  313131133333113313111133331311311331331313311111133313
  348210  313331331113113113333333131131313133133311333113313133
  349180  133133111113113113333133331111331331331331133113133133
  350190  313113313333113331133313333331311331333133313331113331
  351190  333131111313113133313133133131313331331311333333333131
  352200  333131131313113113333133113331311111333333133333333133
  353190  313333131111313313313333133111311113311131133313333113
  354190  313313131113113111331333131311311331331331131313333113
  355200  313133131113133113333133131111111113133331133313333133
  356190  333333331311113133333333333131313331331331333333133133
  357180  133111111113313111113133111311111331311313131131333131
  358190  313333331313133333333333111113311113333331133313333133
  359200  333333333113133133111133133313111111311331133333333113
  360200  113131113313113113313133131311311111331311133333133113
  361180  113333331113113113333133131113311311333331133313333111
  362200  333131131113113133333131131311113313311311133313333133
  363190  133131131113111113313131133311111311331311133313333113
  364190  333333131113133133333131131313111111113331133313333133
  365190  313333313113333133133331131313311311333331333333333113
  366190  113111133133313313113133333311113311333113333333113333
  367190  133131331113113113313133131311131131131311133113133133
  368190  133131131313113113311133131311111111331311133333133113
  369190  313133131113113113331133131311111331333311133313333133
  370190  133331333133313333113333333333311131331133313311333313
  371190  113333333331333333133333333113311133133333313311113313
  372190  313331111313333131113333131311311131331311331133313133
  373180  313133331313113133333133131113131333331331133133333133
  374190  333133131313333113333133131311311313331313331113313113
  375190  333333311313113313333313331313311311331333333333313311
  376190  113331331113313333333333113113111111131313113113313313
  377190  333333311113113133333333131113311111133331133113333113
  378180  113131131313313313113133331311311111311311313333133113
  379190  313333133333333333133133331333311313311333313311333313
  380190  313131313133113313333333311311311133311331333333313333
  381190  313333131133133113333133131311311313333331133313313113
  382190  313333331113133333333133133111311113333333333333133331
  383190  333331313333113313133333331111311311333333313333333313
  384180  133131133333113333113133331111311331331333113333333113
  385190  133331311333313333313333331313311331333313333333311133
  386190  113131333113313113113333331111313311331333313333133313
  387180  313131333333133313313333131131311131333333333333133131
  388190  313331331333333133313333131311311131131331333333333133
  389190  113313333113313133133313333111311133313331311111133333
  390190  313131311333113313313333131311311131331331333331333133
  391200  313331313133133333133333331311311133131333333333313313
  392190  113131331111313113313331131331113111111331333113311113
  393190  313133111113113113313333331131311131113311133333333133
  394190  113131133333113313113333331331311311331311113331333313
  395180  333131331133133133113331333311311331311311113133333313
  396180  131131111313113131333113131111311311131331133113333133
  397180  113333131331133333133333131133313331111311133113111333
  398210  313331131113133113313331131111313111313313133333133133
  399220  133131331313113133313331131311311331131311333133133133
  400230  313333331313131333333333333313313333133333133333333333
  401220  133131333311133113333331133131312131131313313333313113
  402240  133131313113131313313133131131311331331133333311333313
  403230  113133331133113333333333333111311131311111133113133133
  404220  123131131113311313313133111311311311331311333333333113
  405230  333333311113133133133333133311311331313331133333333133
  406170  133113333133113331113333131311311331311333331313333313
  407190  333131111111113113313331131311311331333311333313333133
  408220  333331331113113133331111131313311331331311133313313133
  409180  313333313113133133113313311111111333313331333333133333
  410200  113131311311113133313331111113311131131111333133311113
  411180  133331133113131113333113111333133133131331313133111131
  412210  311131311113313113133313331311311331313311133113113333
  413190  133131131113113113311131111111311311131311132113333131
  414190  113111333133113311113313311311111111313313313333333313
  415180  113131333311113333133333333331311333331311133133333333
  416200  113331313311113331133333133133313131333331313331113333
  417180  313133131113133133333133131313111113133311133113333113
  418180  113331311333113333113333331313311131311331313311133313
  419210  333333331313131333333331331111111311133311333133333113
  420210  133331331313113113113333313313311111331333113311333333
  421250  133131111313113333313333111111311111313311133133313131
  422210  133131311113113113313133131311311311111311133333133133
  423210  333111311113313113313113131313113331331311133133313133
  424220  133111311313113113313331131311311311131311113333313113
  425200  113131111313133113113131131311311111311131113311133133
  426210  133331111113113113313131131313111331331311133333313113
  427210  113131111313111113111111131311111311311311133133333113
  428210  333333331333133133313133131313311311331331133133333133
  429230  133131113313131311113313333131311111311313113311313333
  430220  133131111111113113313131131311111311331311133313131133
  431210  133131111113113113313131131311111111331311133113333133
  432210  111131111111111113311131111111311331131311333313313111
  433220  313331331111131133331331111131311313333333133333333111
  434210  113331111313111133311131131313311111311111133313333133
  435210  333131131113113113333133133111111111331331113333313113
  436220  133131331313133113333133131113311133113311133133333113
  437280  113331131113133133313133131313331311131331133113133133
  438210  133131111313113133313131111111111111331311133333313133
  439220  313133131311331111313111111113111113333333111333313333
  440200  113131131133113313133133331311311111331313333331333333
  441210  113331311313113133333131113111111311111333331333313113
  442210  133131311313133113313133133331311111131331133333333131
  443210  333333111113131133133131133113111113133331333311313311
  444220  113133131111131311313331111111311311113311133313313133
  445230  133111311131113313311333331311311331131311113333133113
  446240  133131313333113313113331131311311311331133133333313133
  447210  333331111313313113333131133311311313133333133133113133
  448210  113131333333313313113333331311331111131311133313313333
  449200  113131113111113133311111111311111111111313133313333113
  450210  313133333313113113313133133331313331333311333333333133
  451210  133131311113113113333131131311311111331111133313133133
  452220  313333111133131133333133111113111113333131133311313313
  453220  133331131311113113313133111111111111111111133113333133
  454250  113331131113113133313131131113311131333311133313313133
  455230  131131333133113313111331311311331111331333313111133313
  456220  133131331113113133113133111311111311331311133333133113
  457230  113131131313113133313131331311311111311313113333333313
  458230  333333333333133333133311333133311313333331313333333311
  459200  313333333333113313133333131311311311111331113333333313
  460250  333131311113131113333331131111311311333311333333133113
  461210  313131131311113113313131331311113331131311133113311133
  462210  333131131113133113333133131131311333333311133313333113
  463200  131333333133113331133333333131331133331333311311113333
  464210  313333333313313113333313131113311133133331133113133133
  465210  133131131311113113313131131311311311131311333133313133
  466190  333333311113133333333133133311311331133311331333333133
  467200  313133131313133133333133111311311131313331133333333133
  468210  113133131111113113133133131331131311113313113133111133
  469210  333131111111113113333333131131311111131331133113323113
  470200  333331113333113331113311333113311131111311311311113333
  471200  333333311313133313333333133333311313333331333313333113
  472210  133333111111111113333131131331313131311331133133333133
  473200  113131313113113113113333331111111131333313113313113313
  474210  113131333333133333113331333331311131331311313331333313
  475220  113131131113113113313333111311311331331313311333113113
  476200  131331131133311131313331333311333131113111331113111333
  477190  333333331333133333333333133111311113113133333333313313
  478210  113331331111113113313133111311311111111311333113333133
  479200  313333131111131113333133111311111311133311133333333133
  480210  133131311333113133333333131111331131333331133333333133
  481200  333333111333133313333331131111311133133311333113333113
  482210  133131113133113313113333311331311311331313313313333113
  483200  133131311113311111333133331311311111113313133113133111
  484200  333133133133313333333133131111331331313333333333133313
  485200  123131131131313113313333133311313131131113313133313313
  486210  133131331331113333313333333131333331331311333313313133
