Germany 54 items I7 (IVE) 1989
    1500 1331313333133131331133313133133311331333113311111311331
    2551 1311313313111111111113311111131111113311313113111331311
    3511 1111311331313313111311313333331333311131131131133333131
    4610 1133131331313313113313133311311111311311311133133131133
    5361 1331313131111333131331111313133333133113333331113313111
    7491 1313331131111111133313133311111111313313331133333333133
    8580 1333333213113113333111333111111111113331311133131133333
    9681 1133331133313313333311333113111111331331331113113333331
   10221 1333333333131133133133333333113311133333333333313131133
   11440 1133131311333113113313131311311111331311311133133113133
   12661 1333331111113113333331133311133111313111111133111333333
   13541 1131311131113111111311113111111111331131313131133313331
   15260 1333313313311113333133313133113111133333311313313131331
   16251 1133131111113113113313133311311111331311311133111331333
   17190 1311333313113133333133333113113111113333131133311331331
   18241 1133331111311113113131333113131112321333311113113333133
   19331 1333311113111111131331133311111111113333313133131111133
   20231 1113333333333113333111333133113311331333313133311333333
   21450 1313331111113113133313133311311111311331311133133133133
   22461 1313333333113311331131333111113111113333333113311111333
   23371 1133131111311113113333133311311111311331331133333133133
   24410 1313331331333111333133333113333311333331333113133133333
   25510 1113131333113113333313333333331111311331331133313133333
   26511 1333131331313113333333333311111111113333331133113333333
   27631 1333333331113133333333333113313111113333333113133333333
   28300 1313331311311113333113333113113111333331333113311331331
   29620 1131331131113111133313133311311311311331311133113333133
   30460 1313131331313111133313333313311111311331311133133333133
   31471 1313331331111113133313133311313111111331331113131133331
   32460 1321331313133113333131313131313331333331133113111333333
   33431 1311313331113113331331313113133131333333133131313313311
   34381 1333331311313133333331333331311111313333331133133133311
   35200 1131333311113113333331313131113131311313331113311113331
   36400 1133131111313113133313311311311111331331311133133333133
   37390 1333333313113113133131333113111111313331331113113333331
   38480 1313331331333113333313333111313111333311333313113311133
   39531 1333333333333113333313333333333311313331333313133133333
   40460 1333331311313133333313333311313111333333331133113333333
   41450 1113131313333113333113333133331311133331311113133333113
   42461 1313333331111111333333333311113111333333131133313311331
   43290 1113333133133113333133333133113313333331331113113333333
   44410 1133331313113113113113333113311131311331111133131133333
   45410 1333331311313113333113333111311311333311311133133113133
   46480 1311111333313111311111313111311131111331311131133333133
   47491 1113331331113111133331333311311111311313131113133331331
   48290 1311331311313111331113133111111111313331331131131333313
   49271 1331313331111131331331113311133131113333131131313311311
   50321 1313331331111113333313333211113111313333111123313311233
   50521 1133333331113111333131333113333111333331331133111331331
   52240 1313333311331133133111133111313111313311331133333133131
   53690 1113331313133113333333333113313311313333113133311133333
   54540 1113331313333113333111333111311111313311311133133133133
   55470 1133331331313113333313333133331131313331333113113333331
   56361 1313333131113131133313113311133111313333311133313311131
   57211 1133131111111111133313333331111111311313111133333331133
   58440 1131331333333113333113333133113311131331311133133333311
   59241 1313333311313313333333313333133313133331331333133333133
   60421 1333133111113113133331333311311111113131331133133133133
   61480 1333333333133113333133333133333111133323333313333331333
   62491 1113331311113111333311333311131113113333331133313331311
   63290 1113333331111111333131333313113311331331131113311331331
   64290 1333113331313113312333333333333311133333311131113311133
   65430 1133131333313113133111133111311311311311331133133333111
   66601 1313131131313131113111111131111111333133311333333333113
   67600 1313133131113111333331131311311111113313311133333333313
   68201 1333133131113113133331133311111113113333331133333333133
   69180 1313331311113113333333133311113111333331333333313333133
   70480 1113331333313111333113333111311111133331331133333133333
   71511 1313331311113113333331313311313111113313331333133331131
   72180 1311333313131131331113313113113111113333133313311111131
   73270 1313131311313111313311333311111111313333331133133131133
   74220 1313131331311113133313133331111111313331331133311133133
   75470 1133131331333113333333333133333311331311333333333333333
   76401 1333331131313113313313333331113311331333333133313333333
   77340 1113111311113111133311333311111111311311311133132211313
   78 00 1113331113313113333111133111311311311311311113133133133
   79531 1133331131113111133313133311311111313331331133313333133
   80320 1313131311313113333311333311313111311333311133333133133
   81480 1313331311113113333333333311113131333333331133333333333
   82491 1331113111313313111333111311333111313113331131133313113
   83501 1131111311113313113111133113133331333333313111331113131
   84530 1333333313113113333131333113333111333333311133133113331
   85321 1313333131111313333313133333133311113311331133313331133
   86520 1133131131313113113311333313311111331311311133133333133
   87521 1331111333313113311111313111311111311131111131133311331
   88201 1313333311111133133331333333113112311333311133313132213
   89500 1113331313313113333311333131311311331331311133133333133
   90401 1113313331113131333331333311311111111331333131131333311
   91380 1311313311113131331111313111111111313331311111111311331
   92420 1113131111313113333313333311311111311331311133133333333
   93381 1313313133113131333133333133113311113333331311311333311
   94410 1313333313113113333133333113113111311333333113111133333
   96251 1313313333113131333133313133113111313133333113111133131
   97251 1313333331111113333331333133313311133333331133113333133
   98460 1313331313333113333113333133311111333333311113111313333
   99640 1113331111313113333313333311311311111331311133133333333
  100210 1333331333113133333113333133313111113333311113113331333
  101510 1133331331113111333313133133111311333333311133113331133
  102640 1333333311113131333331333113313331333133321131313131333
  103400 1133131313313113333113333133311111311311311313133333113
  104560 1333331331113111313331313311113131111331333113333313331
  105390 1313333333113113333313333111111311331331111113333331131
  106430 1113131113313113313313333311311111311331311133113313133
  107551 1313331131111111131111113311113111113131131113113111331
  108190 1313331331113111333311333133311311311313313313313313333
  109210 1113131331313113333331133111311111311331311131333331133
  110450 1133331333133113313133333133311111313311333113133113333
  111190 1313331311113113333133333113111111313313331113113113133
  112461 1133331133313113313131133133111111311311333133133331133
  113461 1313313311111111331333333311113111311311331131311131331
  114321 1313333311111133133333333311113111113333331133313133333
  115230 1313331311111133333311333311113111313331311133113313133
  116410 1133131111313113313133333331311111331311311133133133133
  117321 1333131313313113133333333111111111313311331133131333133
  118341 1311311131133111111111113133313111313333131311113111331
  119431 1331311111113311331311313313333311311311333333111131333
  120480 1333131133333113313331131133313331311311311133113333333
  121271 1113311331113111133311133311333111311331331131333113133
  124470 1133131111313113133113333111311113311331313113131313133
  125170 1333331313113113333133313133111311333131313313111313333
  126481 1133111133113313331131311111111331311131113331113311333
  127320 1313333311113133333333333313113111333333311333313113133
  128420 1333331331113113333331333313133111311331311133113331333
  129620 1133131331113113313313333111311311313331311333133133133
  130201 1333333311111133333331313311113111113333131133111131331
  131220 1111333313113113133331133313133111333331333133333313133
  132651 1131131131113311113311111311311111311111311133113333133
  133211 1311313331111113131331113113113111331331311131313311131
  134280 1333333331111113133333323113113111333313333133313311131
  135470 1313331311111113113113113111311111313111331113113333133
  136590 1133131133333111333113333133331313111111311133133333133
  137 01 1311331111111113113111131111133111111133333113111331131
  138520 1313331111113113313313133311311111311333311133131333313
  139320 1313333333313233333131333133333111313333331313311133313
  141631 1331331111113111331313113311333111313331131131133311131
  142221 1313313131113131331331313111133111113333133331113311311
  143450 1133131333123113233313333111311111331331333133133313313
  144510 1113331331113113113331133111313111313111331133133333313
  145200 1113131313113113233133333133311111311331111133331133233
  146240 1313331311313133333331313113313111311331311131133111131
  147240 1313131311113111313313333333311111313311311133133313333
  148261 1313333333133111333331133313113111313331331131133331333
  149291 1311333331113313333333313313313331311331331133113113133
  150260 1311311313113111333113313111331111313311311113113311331
  151320 1133131331113113113313333113311111311331311133133131133
  152511 1333131313333133333333333333333311111333331133133133133
  153350 1333331111113113333313333311313111311331311133111133333
  154510 1313331131313113133313333331313111331331311133133333333
  155260 1311333331111113113133333133113311333331331313113333133
  156260 1313333331313113133333333313313111333333311113133113133
  157391 1333331311113133133331333311111111113333111133313111333
  158290 1113131311313113133313133311311111311311311133133133133
  159341 1313333311113113133331333311113111311113311333133133131
  161220 1333331331113113333333333333313113313333131133111133333
  162501 1313333311113113333331313111113111333311311113313113331
  163450 1133331333313113333113333113313111311331313333311133233
  164440 1133331313313113333113333113111111333331331133133333133
  165481 1133131311313113113313133311111111311331311133133133333
  166500 1331331333113111133313333111111111313311331133113333113
  167480 1313331331113113133113333113111111331311331133113333133
  168360 1113333311113111333333333113311111313313331133313331133
  169220 1313131311313133133133133311313111111311113133313331133
  170491 1313331331113113133313133311311111313331331133113133131
  171450 1133331111313113133313133313311111311311311133133111331
  172300 1111331331311111133333133311113311331311311113333131131
  173450 1133131311113111333333333113113311313331311113111133133
  174550 1113331311113111133313333133313311131333111333133333331
  175320 1111131131113113333313333111333111311331311133113323133
  176270 1313331331113111133333133111111111111333311133133313133
  177591 1333313133111113333113333113131111133113133113111333333
  178570 1133331111113111333113333111311311111331331133113113133
  179280 1131111333333113311313313131111331313111331131113313133
  180480 1133131331313113113323133311331311331331311133113133133
  181211 1133131131111111113313333311113111331131313133313131133
  182180 1313331333313113333333333333113311111133311313113333333
  183211 1313311313111111131131313113133111113313133113111133331
  184531 1313331131113113333331333311113111113331331133113133113
  185281 1313333331113113333131133113133111113333131313111131333
  187180 1313133333113133333113133131111111131313311133131133113
  188540 1113331333313113133113333113111331313331331111113333133
  189331 1133311331113311113313113311313111313331131111113131132
  190371 1333111131113313331333331131311311311331331131131331133
  191310 1133331131113111333311131311311111311331311131133111311
  194400 1313333333333113333131313133331311333333331113331333313
  195450 1313333131113111333331333311313131313333331233333333313
  196500 1133131111113113113311133311311111313331311133133133113
  197240 1333333331333113313313333133111311313313313313333331133
  198550 1131131313313113313113333111331111111311313313133313133
  199530 1131131313333113313113333111333111111311311113133313333
  200480 1131131333333313313113333133331111331311311113133313133
  201660 1131131313313113313113333333331111311111311113133313333
  202420 1113131313333113333111333133133311313111313113131333331
  203430 1311113311333113331131313113133131333113333331333311331
  204320 1313331131113131133333133313311313331333311133313333133
  205301 1313333311113133133311133113113111113333311113333111133
  206401 1333211111113333211123333111133333111111333333113333333
  207280 1313333311313113333331333131113111313333331133113313133
  208480 1113333333313113333313333311333111311331331113111333333
  209500 1131311311113111311311313311313111113111331131113113331
  210460 1113131313313113313333333111311111311331333133133333133
  211501 1133331131113111133313131311313111311331311133113133131
  212331 1333313331311131331331113111133111113333131133313311111
  213640 1333331311113111333333333311111111311331331113113133333
  214641 1113131331313113333313333333311111331331331133333333333
  215620 1333131311313113313313333313111311311311311133131133133
  216460 1313131131333111313331333111111111333331311133113133333
  217250 1313333313113133333333333133113113313333311313313333333
  218220 1333133333313113333113333131113311111331311113113331333
  219480 1133331333333113333313333333333311331331313113133333133
  220471 1313333333111131333131333133113311133333333113311333333
  221210 1311333313313111331113333113133113111331311113111311331
  222470 1133331333113113333111333113311311311331331313131213333
  223501 1131331331113113133311133311133333333333311113113333333
  224420 1113331331113113333311333313111311133331333133113333333
  225561 1131311331313113331133311113111311333331331313111311331
  226351 1311333333311113133133333113313111313313131113313131133
  227311 1313333333331113333133333133113311313333331133333333133
  228240 1313333313133111333131333133111311113333331113131113333
  229220 1313333311113111113133333113311111311313311113113133333
  230251 1333313313131133131131313133133111333313331111311111331
  231280 1333133311333113333313333333311113331333331133133333133
  232401 1333311313111213331133333113333111113333313111111133331
  233211 1313131313333111133333333333111311113311333133131311133
  234220 1313331331333113333333333333313121111331333113111333333
  235201 1313333333133113333133333133113311333311133313333333333
  236341 1313333313113113333133333113113111313333333133311133331
  237541 1111111111113111113313131111311111311311311131133113131
  238421 1313313131111113131333133311133111313131331131113133133
  239400 1113331313113113133313131333311131331331313313133131311
  240350 1133131113313113333111133111311111311331311113131133333
  241320 1111331333113111133313313311131131131331111113133131133
  242270 1111331111313113133111333111311111311311311133113133113
  243640 1131131311313311311311133311311111311311311133113113331
  244301 1113331331313113333333333313113111133131333133333333133
  245401 1333331313113113133133333132331311313331331133133333133
  246360 1311331131313113333333333313313311333331311133111313333
  247401 1113331313113111133333333333111111331331331113133111133
  248480 1113331333113113333313333133313331131331313313133333313
  249430 1133131131111111133313133313311111311331311133113133133
  250210 1313331333133133333113333133113311113331331313111131311
  252500 1133131311313113313311333311311311131311311133131333333
  253481 1133331311313111313311313111313111311131131133133313133
  254230 1333333331313133333333333313113311113313331133133331333
  255201 1113331313131111333133331133111311311331333113133333333
  256231 1133311331313311133131113313133111333313331113333333131
  257250 1313331133133111333131113113113131331131133331113333131
  258230 1313331331111133133333333113333111313333333131331131331
  259220 1313331333131133333133333133333311113331331313131333331
  260540 1113311331113111333313331311111111313311311133113333331
  261300 1313333313313113333313333113113311333331331333113333113
  262520 1313331331313113333311333333133111333331331133113331333
  263301 1333333331111113133331333333311111331333331133133133133
  264 00 1133331131113111333111333111313111331111313133133133311
  265601 1333333313113113333133333133113311111313331133113333133
  266520 1133131131113113333111333111111111333332311133113133333
  267581 1133131131113311333111333111311111311331311133331133333
  268330 1133131331113113133313133311311113311331311133133133133
  269351 1111331131113113133311133313131111311131113133133331111
  270300 1111331331313113133313133311111311311311111133133333133
  271530 1113331311113113133111333111111111311331313313133333333
  272271 1313333131311133333333333333113113113333331133313133333
  273231 1313333311113113333333333333133131313331331313133333333
  274600 1313131313333113333113333113113111313313311333333333133
  275281 1331131111113113113313133311311111311331311113133313333
  276191 1311333111113113333331133333133111333331331333131113331
  277471 1313331311113111313331331311311111313331331133111133331
  278691 1133133131113113133333133111333111311333311133333333133
  279230 1313333311111113333313333333313111331333331113313311333
  280490 1331331333113113113313133133311311311311331133133331133
  281221 1333313331311313133333133311113111133331331131311331133
  282340 1133331331113111133333133311311111311333311133313111133
  283271 1333113311333113131313133333311311313331311131133333131
  284280 1333133333111113333113333131131111313313333113133131333
  285 01 1133311311313113333333333311311111111333311333333333133
  286530 1133331331313113333333333311311111331333333133313333333
  287370 1313333311133113333113333133333111113331331113113313333
  288511 1133311331111113333333333313133333311131131113313111131
  289540 1133331313133113133113313133313111311131131113111331331
  290341 1313331311111113333113313113111111133331311113111111333
  291321 1133331331111113133313333331111311311331313133313133133
  292260 1311333131113133133311131311111111313331331131113311133
  293460 1313333333333113333113333133113111313331313313133311133
  294310 1333333333331113333131333113113111133333311333333333131
  295270 1313331333113131333333333311233111333331333133113132231
  296301 1133333311111111133333333111113111113331131133311131331
  297210 1113331133113113133131333113111111113311311113331133333
  298291 1313333313333113333133313133113311111331331313133333113
  299530 1111111111113113313313133311111111331111111131133111131
  300290 1333131333113111133133333113311111113331311113111331331
  301500 1313331333113113333113331111311311113311313133133133313
  302190 1313333311113113333313313313333111311313331313331313331
  303500 1113331333113113333313331311113111331111313133133113313
  304370 1313131131113133133313333311311111113331313133133133131
  305471 1313311111111111333133133113111111113333311113333331331
  306420 1333131331113131133333333111331111131131311113131313333
  307290 1311313333131331331131313133333113133333333111311313331
  308310 1333131331113311313113133313311111113331331133113331313
  309530 1133131331113111113313133311311111111311311133133131111
  310190 1313333333311113333133333113133313133313331313311333313
  311290 1333133331313113113333333131111111111333331133331333133
  312550 1133331313333111333113333131113311311311311113133333133
  313321 1333131133113113133311333111113111311333331113333133331
  314371 1333331333113113113331333331331311131131311133113333333
  315291 1313333313313113133133333313311111113333331133133133133
  316250 1313131311113113133313133111311111311331311133133113133
  317280 1131111311111111333313313311331111313131331133113311131
  318301 1313333111113131113331113311113111113113331133113111131
  319310 1113131331313113133313113313311111311331111133133333133
  500230 1313333311113111333133333113113113113133331113311131331
  501251 1313333331111113113133133111113111313333331133133133133
  502261 1311333313331113333113333133113311313331133333111333333
  503301 1133131331113111113113113311311111311311311133113131131
  504241 1313333131313311133333113311113111133333131131313331133
  505251 1313131331311131113333113311311111111311331133133311113
  506210 1133131333333113333113333133331311331311313113131133333
  507261 1313331131331111133333133311313313113133311113311133333
  508261 1131313131111111131331113331133311111133131131313311331
  509240 1313331311113111133313133311311111111311311113133133131
  510231 1313313131111113333331333111113111133313333133133133133
  511250 1113331331113113233333333133311113111333331133313313133
  512250 1111333111313133133331133311313111113313313333133113133
  513251 1311331111311133133333133311311111313133333133311311133
  514210 1313331333331113133131333113313111333331331313111131331
  515270 1113133311313113113313333311311111313331333133333333131
  516271 1311333313111113333133333113113111133333311113111111331
  517251 1131313131113111331333313311333131311113331131113311131
  518200 1313333333131133333133333133113311133333333313311333331
  519310 1313333331113331331131313133313133333133331111313311311
  520270 1313131311113113133313133111111111333311311133131331133
  521230 1131131331113111133313133311311111333111331133111331331
  522241 1313333331113311113333333111133111113113331133131331333
  523230 1311333331113131333331133311113111133113331133313331131
  524261 1313333333131131333131333113131111113333333133311331313
  525210 1313331311313111333313333333111311113311111133313131131
  526250 1313131311113113133313133111311111311331311133133111333
  527301 1111113111311133131331113311311111113133331131313111131
  528231 1311131311113113113133113113331111311311331113133133133
  529251 1333333333131133333131311133133311133331331313111331311
  530240 1313131331313113333113333131311311111331111113131331133
  531231 1133331311111132333233333111323311231321311113113111133
  532341 1313313331113113333133113111333111111131111113313131331
  533251 1313333331313131333333331313113111133333331133311111333
  534311 1313333331111131133331113111113111311133331113113133311
  535241 1313333311111131133331133311113111111331311133311131331
  536221 1113131311313111323333333311311113113313333133333311331
  537201 1133333331311113333333133113313111313333333133113333133
  538201 1313333311111113333333333333133311111333331113311111313
  539201 1313333313111111333313333113113311311333133313311311333
  540221 1313333331113133133333133313113111113333331133311133333
  541271 1313331333113111133333133113313111311331311113113111133
  542201 1311333333133113131131313133133111333333111113333333133
  543251 1331313331111113333333313111133311333333131133313311331
  544441 1133333131313113133313133311313111111131311133113333133
  545211 1333333331111131133333313311133111113333131133313131131
  546221 1333333331311133133331333313133113113131331113113131133
  547221 1311333331311133333333133311313111113331131133113313131
  548201 1113333331113313333311333211111311131333311313311133313
  549211 1333313111111133131311113311313311313331111331331333331
  550201 1313333331131133333333331331113311113333333313111113113
  551231 1331313331111111133333113311133111313113331133333311131
  552181 1331313131111131111331113313131111111131111131111111331
  553221 1313333331113131333331333313133113113333131133313131133
  554221 1113333113131133131333333333333311331333131133313331131
  555271 1111313331113131331333313113133111113313331113311311333
  556281 1333311331313111331313113313111111311131331111111311131
  557261 1333331131111111133331313111113111313311331133113131131
  558341 1313333313113311131131133113311113113333321113131133131
  559211 1313333313313111333131133111311311131331331113111131311
  560320 1133333111113113333331313313113313111331331113113333333
  561271 1331313331111111133333333311331111131331311133113111133
  562300 1313331333331333333111313133133111113131113113111333333
  563640 1123231331113213333313333113321211333331333113131331313
  564621 1131131331113113133313333313313311331331311133133333133
  565300 1113331333333113333313333131333311331331111133133333331
  566310 1113333331311113133333133311313331313131331133133313333
  567251 1313313331111111131331313333133111313331131113111111331
  568280 1113331313333133333113333313331111311331331113131133333
  569250 1313331331113111333333333113113311113313311133333331331
  570641 1133331111113133133313133311311311311331311133113113133
  571210 1333323331113211131331113311113111313313331133311131131
  572260 1333331313111313333113131111311111111333311133131111333
  573191 1333331131113113133133333313111111113331331333111333333
  574520 1133331311333113333313333313311311331311311133133333133
  575561 1313331311311113333133133311313111313111321133313323133
  576331 1333311133111313333131313311113133133313131313111131131
  577321 1313313113111131131311313113113133313331311313313313313
  578210 1113331311113111113113133313111111111311311113111133131
  579221 1311113131113111133331113311111111113333311133131311331
  580221 1313333331311133133333133311113111113131111133311331133
