PORTUGUEESE IVE JUNIOR I6 78 ITEMS      MALES AND FEMALES                             
41     7800021     1.000     3.0000000
(I5,5X,70I1/10X,70I1)
   121011 3133131333113311333333331313113333312311131333113131113331333333131113
   121012 11333133
   14 811 3131113333313313313113313133331313311311313113111331111113313333333311
   14 812 33333113
   171111 1131113131313113313111311331311311313311133113111311313311331113333111
   171112 31333313
   23 811 3331331333113131111113113133113113311333331133111113111133333333331133
   23 812 11133313
   27 811 3333113333313133333113313333311313313311333133311133213133313331133133
   27 812 12333313
   291011 3133333333111313311313111333111333311311313133111113331313333311131113
   291012 11133133
   341111 3311333333113113311113113333113333311333113113133113111113313311331113
   341112 11133313
   351011 3311333333113133311133313333311313311313131133111313331113333311333113
   351012 31113333
   361111 3331311333311313111311111331111313313111313113111113333331333331331113
   361112 11113333
   371011 3131333333311313311313311333313313331331313133313113131313333331333313
   371012 31133133
   421311 3111313333311111311313111333311313311331113113111111133113313311333111
   421312 11113313
   441111 1111313331111313311311311333311313313331311113311113133311333311133113
   441112 11133333
   451311 3331331333133333133313333133133333311311333133111113131313333331333333
   451312 31113333
   501211 3333313333333133131313331131133313333331111333133133331331113333332113
   501212 31131311
   511311 3313311333131133331333131311131331333331133311331113311331313111131313
   511312 11333113
   521511 3133313333311113311113311333113333113333111313113113111113333311333333
   521512 11133333
   531311 3133333311133133113131133331313113331333313313331131131333331331331131
   531312 33133313
   541311 3333333333113333333333131333313333111333333333313133333333333333333333
   541312 33333333
   551311 3313133313133333331313311113113313133333311313311333113111311111333131
   551312 11333313
   561211 1223113313133313313313131313131331313131311331313313311313333133111313
   561212 13131313
   571311 3133333113133333331333333333333133333333333333331311111333333331333331
   571312 13133313
   581311 3133333333113113311111333131331333133333133333331131331331313313133313
   581312 13333113
   601411 3311111133313113311313311133111313133331313311311111313311311311333331
   601412 31113133
   611411 3131313333313131311333313133111113333333331313313333331113333111113333
   611412 13111113
   621411 3333333333113333131131113333113313331331333113111113131333311311333111
   621412 31133233
   641111 3331333333113113331113333333113313311313131313113113113113333331333133
   641112 31133313
   661011 3133313333313313311113313133311313331331333133313131331313313313333333
   661012 31333333
   671011 3131311133113311111111111333111313131311333133133133331333331313131131
   671012 13133111
   741011 3313133133131333331331113313333333333333333333133133331333331331333131
   741012 33333313
   761011 3133333133313313121111333333333333313313133333111131113333333331333133
   761012 11133313
   771111 3133333333311113311111113133113313311333111113313311133313333313333131
   771112 11133313
   831111 3133333333333133311311311333113113311313113113311113313131311133133111
   831112 11131331
   841111 3333133333312133111331311313311313113113133131331313131313132331131313
   841112 11331112
   901411 1313113311313331113313113311131311311311313113131311113333111133113313
   901412 11111111
   911311 1311313313333313131132111133111311331113331133131331333111313133333133
   911312 11311131
   921211 3331131331113113313331313313131333133131312131311331333311113333133111
   921212 13331131
   931111 3133133131313133113313133331313111331333113333113131333111331131113331
   931112 11331113
   941211 3131313131333113131331131313131313131321313131111333113131313131313111
   941212 33311331
   981011 3331333313313333331113133313133313311333311133113131111133331331333311
   981012 13133113
  1001111 1333331313113113331331311333311313333333133313131333313313133331111133
  1001112 33333333
  1051011 3331113331111313311131333333331333311331313333113333131331333331333331
  1051012 31333113
  1061111 3133333333313313311113311133311313313331111113113113313113331311331133
  1061112 11133333
  1081011 3313111133311313311311111131131133111131113111111311111131311113131113
  1081012 11131311
  1131011 3313313333133113311113311133311313113331111113331111313131311113331111
  1131012 11331313
  1141011 3311331333113113131333133133131131331333111333311313111313331331333111
  1141012 13333333
  1151011 3333113333113331313331311333131113313331131313113311131311333111331331
  1151012 13111331
  1161011 1331111331113113311111111333113113313331333113113113113113333131333133
  1161012 11333331
  1201011 3333313311311313111111331333333333313331333111113333111331311111131111
  1201012 31331313
  1211011 1311311311111331111131111111131133333131111113311311113131333311311131
  1211012 11133111
  1231111 3133311333311113311111311333111313311311133133311311113311311311333131
  1231112 11313313
  1271111 3133133311311311311333311133111133331333113131111331331331311113331113
  1271112 13131133
  1281111 1111331311131313331111111131133331333131131133311331311313131333131111
  1281112 31311333
  1321111 3333331333313333313113333313333331313313313311331133313333313313331311
  1321112 11133313
  1331111 3331333333113333311111333313333313333313133113311133313333313313333113
  1331112 33131313
  1341111 3133133133312313311333133333313133113333133311333313331333311333131333
  1341112 31333133
  1351011 3311313313113113311111333333133313311311131313333113311233233131331313
  1351012 11333313
  1411211 3333331333133133331131331113333333131333333113111131131333331331331311
  1411212 13333333
  1431111 3333311113213111311313113333111333311311133111131111311333331111133333
  1431112 31113333
  1441111 3313313333313113311313311333113113313313113113111131331111331311333111
  1441112 31131333
  1491111 3133113133113113311111311133131113313331331333333113311333331333313131
  1491112 11113313
  1511011 3333333113133133333131111313313333311333131133113133311133333131333133
  1511012 33133333
  1521011 3313333333313313311113313333313313313313133113113111111133333331333133
  1521012 11133333
  1541111 3111313333111113311111331113311131133111313133111311131333133333113313
  1541112 13131113
  1561011 1333331333311113311111313333313333313333333113113113311311313333333331
  1561012 11133333
  1601011 3313333333133333333333333313333333331333333313113333331333333331331333
  1601012 33133333
  1631011 3333333333313113311111313333333313313311331131133113113333331333333331
  1631012 31133333
  1641111 3133333333313313311113333333333313311313131113113111311113333331333133
  1641112 11133333
  1651111 3333333313133333311333133333333333331333333333113113313333333333333333
  1651112 13333333
  1671111 3333333333333333333133333333333333333333333333333333331333333333333111
  1671112 33333313
  1691411 3333333311331331333333313331333111333331311333313333133133133313333333
  1691412 13331331
  1711311 3331313133113313311133333133131113111331133133311133111313333331333313
  1711312 13133313
  1721211 3133131333113313311113323133213313223113113131133313113311313131313133
  1721212 11313111
  1741211 3113133333313113311113111133313313311333113113111133331113313313333313
  1741212 11131313
  1751411 3333131133313113311111131333333333313333333133113133131333333333131133
  1751412 33333313
  1771311 3331333313133133311133333313333333331333311113113333133133311331333313
  1771312 33133313
  1851211 3113331333113113331333313333111311333333111313111113311133333113333133
  1851212 11133313
  1861311 3333333313133331333331333113333331311113133113313333331333313333333333
  1861312 33331313
  1871211 3133331333133333311113113133131313311313333331333313331333313313331133
  1871212 31133313
  1881111 3333333333133333333131333113133331133333111333313331311331313331331333
  1881112 13133313
  1901211 3333333333313313311113313333113311313313331133113113311333333333331333
  1901212 11133313
  1911311 3131333331113133311333333133333313333131133113333233331313111333333311
  1911312 11113331
  1961011 3113131331313113311111111333313313333133311311113313313131331313133111
  1961012 33131313
  1971011 3313113331113113111311313133331113313131131313313331131313333113131331
  1971012 11131313
  1981411 3313311333133133331311313133133313131331313111133313331311311333131113
  1981412 33313313
  2011111 3113311311133133111111313313111113331131113313111333311133333331333133
  2011112 11331313
  2021111 3311333113313333313333113133113133333333133313113333111333333331333133
  2021112 33333333
  2091011 3131331333333113331111313333333333333313313113111131113313333313131111
  2091012 13133313
  2141211 3313313331113133133331333331133133133331133133113133311333331313333133
  2141212 11133333
  2151011 1113111331313133311131311333311313331311133133111131133333331313333131
  2151012 11133333
  2171011 3313311133113313111313313133113113313331333133133131133333313333331311
  2171012 31133313
  2221611 3333131133111333131113131111131133333333131113113313113131131333331313
  2221612 11133313
  2261411 3113311333313113311111111133111313131311111133113131313113311113111113
  2261412 31331113
  2291311 3333331133111333111131313331333113311333131333313333133311133331331131
  2291312 33331333
  2301411 3331333333133133311133133333313333333333113333313333113333333333333111
  2301412 31333313
  2341411 3331313333113311311113113131313331313131131313333131313311313113133131
  2341412 13131311
  2351511 3333131333113113333133311333331313311333131313131313131313131333331333
  2351512 33131233
  2361311 3331333333333133311111333333333333111333133133313333313133333313333331
  2361312 13133313
  2371411 3331331313133133331131333333133331131333131313333133333133331333331331
  2371412 31333133
  2401211 3133113331333333113331313331333133133113331313133133313133333333112111
  2401212 31131313
  2411311 3331113331113331113331113331113331113331113331113331113331113331113331
  2411312 11333131
  2421411 3313311333313111131111111333111113313333133113131333111131313133333113
  2421412 11133333
  2461011 3331313333111113111111311133311313113311113111311313133113333333131113
  2461012 31133333
  2471411 3111131333313113131113113131313113313333311333313113113333333133333131
  2471412 13111313
  2481311 3333333313133113111113313333113313113313331113113313313331333333333133
  2481312 33133333
  2521311 3133133311133333331311333131333133333333131333313133113331333133333333
  2521312 13133313
  2541211 1333133113333133131131333133331133333333133133113113131333333333333133
  2541212 13133333
  2551311 3333333313331133333333333113333333133333331333313333313313333133333333
  2551312 33113313
  2561311 3333333313333133313133331133333133211333311313113333131113333331333133
  2561312 11133313
  2571311 3333331333113133311333311333331333333331133113133113333331331313331331
  2571312 11133333
  2591311 3333313333313113311111311313311313313331131131111133313331311331331331
  2591312 33133113
  2601311 1231311311313133311311311313113313313311313123311133131211333313331131
  2601312 33311133
  2631411 3333311113133133311331331313333313331333133311111131313331331333333131
  2631412 13133313
  2661211 3131113133133113311333313333311313111331331133311131111333333311333333
  2661212 11133333
  2671411 3333333113133133331333313313133131331133333113333133111133313331333333
  2671412 11233313
  2681311 3331331331113333311311133331131313111311131333113131113331333311331131
  2681312 31133113
  2691411 3333313333311313331133331313331333331331313333313131111331131333333333
  2691412 13133333
  2711311 3311333333113133331131333333133331331333133133313133113333333131333333
  2711312 13133313
  2721211 3331333113133131333333333313333131331333331313313333313333333331333313
  2721212 13333333
  2741411 1313311131313133311131111133313313111111131313111113331311131333313331
  2741412 31313333
  2801311 3333313131313313111113313333133113113331111313313331133313331313331311
  2801312 31333313
  2821411 3333333333113313311113333333333331111333331113313111131313333331333133
  2821412 11333313
  2831411 3331331333113133131111313333133331331333131113113113331333313333333133
  2831412 11133333
  2871411 3131331333133113311131133333133313311333111133313133313333333311331333
  2871412 11133313
  2871411 3311331313133333333133333313333313133333131133313133111113133131333333
  2871412 33333113
  890 911 3133111133313113311113131331131313331131133131311311311331133213331133
  890 912 11133313
  891 911 3331331333113113331131333333311313313313313113111131113111333311131111
  891 912 13113313
  8921311 3133333333111113311111311331113313311333111133311113311311313313333113
  8921312 11133133
  8931011 3333333313133133331131333313331333333333131333333333131332131331133113
  8931012 13333313
  894 911 3131311131113313311333331331131313311331111113111113131331333331113111
  894 912 11333313
  8951011 3313331313133313133131333313133313133333333133311133311331333333311111
  8951012 11113133
  896 811 3333311131113313111313111333113313311333311313113133111133333331331113
  896 812 31133313
  8971011 3133313333113313311111313133111313311311333133133111311331333333333131
  8971012 31133113
  898 911 1313331331133133111131333313131111333313313113111133313331313313331131
  898 912 11113313
  8991211 1113333331111313111333111133131111113321313131313331111311133333331111
  8991212 13331313
  9001211 3313311313133313131131313133131113331331131333113113131333333113333313
  9001212 11331133
  9011211 3133333133333333311331313333313313333133133133333333333131313311333311
  9011212 13333313
  902 811 3333333333333333333331131133311331131131113323133131111333313311333331
  902 812 13331333
  903 811 1131311311313333131131331113121133331131331313133131133333333111133111
  903 812 33333313
  4321311 3113313313311133311333311133333313311333113133333331331333333331333113
  4321312 13133313
  4351111 3333133331333333333331333313311333331333131113113313311313331331333131
  4351112 33133313
  4371311 3133313313333133133111333113333333331333113333113331133331133131333333
  4371312 13333333
  4381211 3333111311313113331111333133311131313331131133333113313331333333331133
  4381212 33331333
  4401411 3313313131111113311113313133111333313311113113313313113331333333311133
  4401412 13331133
  4441411 3133313333113313111333133133333313111133331113113132313331333333133313
  4441412 11113313
  4451211 1333333331313313311111313331333313311313133113311131313133331313313333
  4451212 31333331
  4461411 3333313333113333311313313333311311311311333333313131311133331333333133
  4461412 31333113
  4471111 3133113333313313331111313331333313311331133313111131313131333333333111
  4471112 33133113
  4481511 1333113333133333111133133333311313331311331331313333113331333333133313
  4481512 13113313
  4491611 1333313333133313311131131333311313313313133133111131313131333333133111
  4491612 13113313
  4501031 1333313113133333111133131111133111333133333313111113111333133331113333
  4501032 11333313
  4511011 1133133311333333331333333311113313133333333131313133333333313331133331
  4511012 33333313
  4521111 3333333133133333311331313313331331331331331133133333333131313311333313
  4521112 13333313
  4531211 1133331333113313311311313333311333313333133313133131313131333131333331
  4531212 31133313
  4541011 3333333133133333311331313313313313331331331133133333333131333311313311
  4541012 13333313
  4551211 3133133133131333331313311313333311333131313331113331313313333333133313
  4551212 23113333
  4561111 3333133133313333311113333333333333311313333133113333131333333331333333
  4561112 33133313
  4571111 3113313333311313311113311333311311311311333111331131333133333333333131
  4571112 31113313
  4581211 3133313333333313313113113313333313331133133313313111331113333333331333
  4581212 33333313
  4591011 1311333333113313131113113131333113331313113113313133133331333331313133
  4591012 11133311
  4601211 3313333333313133311111113133113313313331113313113131313333333133313311
  4601212 13313311
  4631311 3333333133113313333333313333333333331333313113313133333333333331333333
  4631312 33133313
  4641011 3113333333113313331113113333333313331333111313313133331313333331333133
  4641012 33133313
  4881511 3311333333133133331331313313333313131333331332313133133133333333333313
  4881512 31333133
  4901511 3331333313133133331131331113333331311333133313113133333333311331333313
  4901512 13133333
  4941511 3331333133313133311111113133333313311311131133113113131333313311333313
  4941512 11333133
  4951511 3331333333113113311131133133331333311333131133313133333333333311333333
  4951512 13133333
  4981511 3313311333113312311113333333131333311331121133113133111333313311333113
  4981512 11133131
  5021511 3331333313133133313133111113333331331233121133133133331333333331331133
  5021512 11133313
  5031511 3313311133113331311131333333111131331311113133313133113333333311333131
  5031512 13333313
  5051511 3313113111133313111131333113331133313331111133133333313331331131131331
  5051512 11113333
  5101511 1313331331113133311131333133131333313331313313113331133333311313133131
  5101512 13313133
  5121211 1313333333331111333331113333331111111133333333333333333111111133331111
  5121212 11333333
  5151311 3131131333113113311113111333113113112313111113313133311331333111331111
  5151312 31321331
  5171111 3333333333313333311131333333333313333333331333333313131333111133331313
  5171112 13111333
  5181011 3333333333313133313133331333333331313333131333313131313333333133333133
  5181012 13133313
  521 911 3131333333111113311111333333113313313313133113311133133331313311331133
  521 912 11333333
  523 811 3331333333133133331313333333313333331333333113333133131333333331333333
  523 812 31333133
  524 811 3331313333311113113313311133311333311331113133113333111313333133333113
  524 812 31333333
  531 711 3311311113331313133313111313111113311333311311333333131113333333133113
  531 712 11332133
  532 911 3331331333133133331313333333313333331333333113333133131333333331333131
  532 912 31333133
  5341011 3333331331113333311313333331333333331333333333333113131333313331333333
  5341012 11333313
  536 711 3331313333311313333333331111333113331331131133313133313113333333133113
  536 712 33131113
  537 811 3331333333333333333313131133331333331333333333331333331333333311333333
  537 812 13333333
  538 811 3311313333311313313111311333331333311313113333313131131131333111333131
  538 812 11333333
  539 711 1111311331331333313111111333313311311311131331111131113113311113133131
  539 712 13111113
  5401311 1311113131111111331133113311111111311111133131131313131313131333311311
  5401312 33311111
  5431011 3331331333111133311113313333331333113331313133113131311331333331331131
  5431012 11133111
  5451011 1331311331113113311131311313333331311331133133111113313312331333311131
  5451012 31211333
  5481311 3133313133133313311113113333333333311333333333313111331333333113333131
  5481312 13333333
  5491211 3333133133331333331131131113333313333313113131313131333133313113333113
  5491212 33331333
  5511311 1311313333313113111331331133131131331313131133111331113331331331133111
  5511312 31313333
  553 911 1131313313313333131131321113131331333131111133113133113131331131333111
  553 912 31311311
  5541211 1311313333313113111331331133131131331113111133111331113331331333133111
  5541212 31313333
  5591111 3333333333313313311331313333313333113313133331133133331133331113333313
  5591112 11313333
  5601311 3333333333333333333333333113131333331333333331133133311331131133131113
  5601312 13133333
  5611111 1131113313313113113311313313331313133113333313131333313133333313333311
  5611112 33333333
  562 911 3131313133313113311113313133113113311111131113111331131113333331131313
  562 912 11333333
  5631011 3131113133113113311113313133113113311111131113111333131113333333131113
  5631012 11333313
  564 811 3113113133313113313113111133113113313311111113111111111333333333331311
  564 812 13333333
  5651211 3311331123313311113333311333113133311113313313111111111333313131333333
  5651212 11333131
  568 811 3131313333313113311111113333311313311311313133313133131133333313333131
  568 812 11113333
  5691211 3131331331333133111131131131313313331333131133113131111111333111131133
  5691212 13133133
  570 911 1131311333111113311111313133113113311311133131313313113131331113333131
  570 912 11333333
  571 811 3133333133313313313333333133333331311311311313111131311111313111333131
  571 812 13333313
  573 811 3311311333113113333113311333331333311331131113111331111333333331331331
  573 812 13333333
  5761111 3131313131111313111111331131331333113311133333111311111131313313313131
  5761112 11313133
  5771211 3311333313311313111113313333333333333313333113113313131113331311333333
  5771212 11133333
 20051111 3133111131313323311211111131121311131131113113111133313111311133331131
 20051112 11313311
 20071311 3113111331311313311311121331121313313311111311311113311111313311311131
 20071312 11313133
 20131211 3131333133311133313313133111313313311331333133111131333113333133133333
 20131212 33333333
 20171411 3333313313333333333333333133333331133313113333333311311331331113331131
 20171412 13113313
 20181511 3333313133333333331313113333313313313331333333111133113333331313133313
 20181512 13133313
 20191311 3311133313313133113333113131311331311311331131333133311313131331333113
 20191312 33333131
 20201111 3113333233132113111111113133113313111313311111111111313111311313333131
 20201112 31113111
 20211111 3113313131311113311111111331313313113131131311311131333113313133313133
 20211112 31131331
 20221111 3313113313313133311313333133313313133131313313131333113132131131331113
 20221112 31313133
 20231411 3111313133113113111111111133111311133111113113111111331113311313113111
 20231412 11113113
 20251411 3113113113113111311313311313311133111331313132133111313333113111331133
 20251412 13333113
 20261311 3313133333333333311133331333311333333333133333111333333333333133333311
 20261312 13333333
 20301111 1313333313313311311331333311131313111333133313333313111333333331131331
 20301112 33333333
 20321111 3331333333331333313111133313131313331331133131131131111333333133131311
 20321112 31133313
 20351411 3311121331313113311133311131113113113133131331311133111313311313333311
 20351412 33313333
 20381111 3333113333313113333113331313113313333331113313333333111313333331331313
 20381112 11133333
 20391011 3331133113113113113313313133333111311313131133313113131113313111133313
 20391012 11133333
 20411111 3331313333313113313333333133311331311313331133113111113311333133333313
 20411112 11133333
 20421311 3131133133331333133313333333313113311333313133133313111131333313333313
 20421312 13333313
 20431511 3333133133133133313113333133313313111313133333133131311333333333333133
 20431512 31133313
 2044 911 3313311113313113113333111331131111333111123113131131111113333313311313
 2044 912 11113333
 20451211 3133113113113313313113311133333333111331111113133111111111313333133313
 20451212 11111311
 20461511 3133333333313113131113323333313113113333113113133111113333133313313131
 20461512 11133313
 20471611 3331313333313313313313311333331333313131131133113111311331333333133311
 20471612 11333313
 20481411 1133113131113111311111111331111311311131111111111111131131311113131311
 20481412 11113313
 20491311 3313333311111113311111333131131333331333113333113131131311333111333131
 20491312 13133313
 20511411 3111133333113313113333131313131313111313111113111111131333333311331333
 20511412 33133333
 20521111 3311333333113113113133111333131313311313111113111111111133333311331331
 20521112 33133333
 2053 911 3133313333313313311113333133311313313311133133111131313333333313333111
 2053 912 11133313
 20541011 3111313331113113313113111333111333311311111113111111311333331311331331
 20541012 11333333
 2055 811 3311113331331133331133111313111313111111133113131111131313313311331113
 2055 812 33333333
 20561011 3311131313333313311113131133111311111313132131111113311111311113131113
 20561012 33333313
 20571011 3311113331313333113133111333131313311311113113311111131333333311331331
 20571012 33333333
 20591011 3333333333333133313333331333333333331333133333333131331331333333333133
 20591012 13133313
 20611211 3131133313113333333131313333113333313333333333113333333331313333333333
 20611212 33333333
 20631211 3111333333113113313113111333131313311313311113111111311333333311331333
 20631212 11133333
 20641011 3311333333113133313113111333111313311313113113111111311133333311331133
 20641012 11133333
  2881411 3313331133113331311131333333111333311333111133111333133333313333331333
  2881412 13133333
  2891411 3331333113113313313111333333133333311333131333133113131333333331331313
  2891412 31333313
  2901411 3331333333133333331113333313131131331333131133133133311113333331311113
  2901412 13333133
  2921411 3333333111113333311131333113113113331331131133333313111231333331111133
  2921412 13333313
  2931411 3331333333133131313111323333333313311333331133313313131333333331331133
  2931412 11133313
  3911111 3113311333113113311113311133313313111311331313113111131113333313133311
  3911112 13133333
  3931211 3133313333113333111113333333333313313331133133113133311333333333333133
  3931212 11133333
  3951111 3133313133313113313111313333133313113331333113313133311313333333331333
  3951112 11133333
  4021211 3333331313111113131333133113333131331333133133313111111133333333333113
  4021212 11113133
  4031211 3333333133131333131333313313133133131331331133331313331333333313131313
  4031212 13333333
  4061111 3113333333113333311311313333113313313113131113313111311311331131131131
  4061112 11311313
  4081311 3131333331133313131133111333333313311333313333313333331333311331331333
  4081312 11113333
  4091411 3133133333333333131313333133133133311113331333113313331133331131131313
  4091412 11133333
  4121211 3333333133113313111311313333133113311133131113133313111333331133133313
  4121212 11133313
  4131111 3331313333111313311113113133111313311331331133113313113313313331133113
  4131112 11113313
  4141311 3333313333113313311311333133113313111311113133311131311333133333333331
  4141312 11131333
  4171211 3311333113133133331113113113311313331333333113133331311333331333133313
  4171212 13333333
  4181211 3133311333313313311111313333311113111331333133113331133133313333333111
  4181212 11333333
  4211111 3331133313133333331113313133313133311131131333113313131313333133133313
  4211112 33133313
  4261311 3313313331133333311111133333331333311333131133313133313333333331313133
  4261312 11333333
  4271311 3313313313113333331113333113311333333331113133113133331333333331333133
  4271312 13133333
  4291511 3331333333313113331113313133333333311333133133133133311333133131333333
  4291512 33133313
    5 901 3331311333113313111333111131131313311311133133113123311313313111131313
    5 902 31133311
    9 801 3111313133311313311331311333313313311311333333111131111131333111331131
    9 802 31333333
   101001 3331313313311313311111111333313313311311133333331131311133333131333113
   101002 11113133
   131001 3131313331313113311113111333313313313311331133311331113313333333333111
   131002 31333333
   15 901 3311313331313313311311111331113313333311133113111131133311333331333113
   15 902 11133113
   16 901 3331333131313313311313313313111313313313333113331133131333333313331133
   16 902 11133333
   181001 1113113311113313311113331133311313111311313133111313331131311113111313
   181002 13313331
   19 901 1333313311111313311331131111311113311111331331111313131313131313131133
   19 902 32313313
   21 801 1331313111313333311311113331311331313311311113111333333333333133131131
   21 802 31333333
   22 801 1311311313333313311113131333111311311111131113311131333133313133133313
   22 802 31331333
   24 801 3331313333313313313313311333313133311331333133331331311113333133333313
   24 802 13133333
   25 801 3111113333313313313313311131311111311331133113113311311113333133333111
   25 802 33333313
   26 901 3311313331311313311113113133113113311131133113311331311133313331331333
   26 902 11333333
   281101 3331313333311311311311311333313313313331313113131131131113333313333111
   281102 11113333
   301101 1111313331311313311311331331311313313331313113111133133311331333133111
   301102 11113333
   311001 3131333313311113313333113133311313311333133113113111111133333311333133
   311002 13133133
   321301 3331333333311313311331311333313313313331313313131131133113333313333111
   321302 11113333
   331201 3131313333311111311323111333311313311311113113111111111111313131313111
   331202 11113333
   381101 1131313333311113311113311333311313311311111113311133131313311311333313
   381102 11133133
   391201 1131313333311313311113311333311313311331111113311131331313311111333311
   391202 31113113
   401001 1111313331111311311311111331313313313331313133111113313313311331333111
   401002 11313133
   411301 3311113333111113311333131133111313111311113111311311311113313313133131
   411302 12111311
   431101 1331313311311113311111311331111313311331311113111313313113331113331311
   431102 11113333
   461101 3331313333311111311311311333311313311311113111311111313111133313313131
   461102 11113133
   471101 1111113131331313311111331331311313311311313111311131313311331333133131
   471102 11113131
   481101 1111313333311113311113111331111313311331113113113131133313331313331313
   481102 31113131
   491201 3111311333113113311113111333311313311331113113333311111113313313333133
   491202 11133133
   631101 3333133313331333331111333313333313333333131111133131313131333333133133
   631102 33333313
   651001 1133113131311113311111111333311311313313313113131133313311311311313313
   651002 11313313
   681101 3313133131311313333333313113331113333333111333333133311333311111133133
   681102 31333313
   691001 3131311133131311311111111333331313313331331131311311113331333333133113
   691002 13313333
   721101 3113313133111113313111111333331313313331331131311311113331333333133113
   721102 13313333
   731201 3131311333313113313111313131113311313311131133311133313131331111333133
   731202 11133333
   751001 3311313333313333311111111133333333313311131133311133333331331313333131
   751002 13133313
   791101 3333313333313333311111113313313333313333111331131311313331313333133133
   791102 31333313
   801101 3133113133111113311111111333111313313321133111131111133331331333333111
   801102 11113311
   811201 1311113111331113311311311331311111113311311131313333333111111111331133
   811202 31333131
   821201 1313131331311333331311131131113313133313313331111333311131311333333311
   821202 33313313
   851301 3333333333113113311113311331133323313333113111311131113331331333333131
   851302 31133333
   861001 3333333333113113311113311331133323313333113111311131113331331233333131
   861002 31133333
   871101 3133333333313113311333311333133333313313333111333333132113333213331333
   871102 33313331
   881301 1133313331333333333331111311313313313131331333113331313331333113113111
   881302 13313313
   891001 3333333333313113331133311333313333333333313333133333132111333333313321
   891002 13333333
   951101 3313313333111313311131313313313333111331333133113111311333333333133331
   951102 11333313
   971001 3111331333111113111111311331113313313313333133111111113311331311333111
   971002 11113131
   991001 1333313333113313311113313333113313311331131133313111131113333311333131
   991002 11133313
  1011101 1311331331331133331333331311123333333333133133133133331331311333333133
  1011102 13333333
  1021001 1311313331331133311131333333113333311331131111331133333131311313333131
  1021002 11313333
  1031001 1133313331113313311111111333111313313331111113311111311111331311311131
  1031002 11133313
  1041201 1331313331313113311131111111111333311311111111111111311331331333311131
  1041202 11313131
  1071101 3111311331111113311111111131111313113311111113331111133111311313313131
  1071102 31113311
  1091101 1313311331111311311311311133111113313311331311113133313331331313311111
  1091102 31113111
  1101101 3133333333111113311112311333311313311333111133311131131313313311333133
  1101102 11133333
  1111101 1111313331311113311111111331111331311331113111311111311131311331131111
  1111102 31113111
  1121101 1313333333113113311113111333333323311333333333113311313333313313331133
  1121102 11113313
  1171201 3311113333113313311111111333311313313331113113111111311111333311333111
  1171202 11131313
  1181201 3333313333313113311111111333311313313331111321111133313111333133133311
  1181202 13312333
  1191101 3311313133113113311111111331311313311331113133311313333113333311333333
  1191102 33311113
  1221001 3133333333111133311111331333333313311313133133113111113313331333333111
  1221002 11133313
  1241001 3333333313331133311133133313313313313313331313113111311131133313333133
  1241002 33333333
  1251101 3333333333333133333133333313333333333333313333113333133333333333333333
  1251102 33133333
  1261001 3123313333113113111113113133313313311321131133113133111113313331213131
  1261002 11133333
  1301201 3333333313133133331111333333333333333333333313133333313333333333333333
  1301202 33333333
  1311101 3331333333131333331133333333333331331333331113311113311313331333333333
  1311102 13333313
  1361101 1113313133311113311311111133111313311311313133111113311131331133133111
  1361102 13133113
  1371101 3331133333333333331111311131333333113313133333311333331333233313333111
  1371102 11133133
  1381101 3111313333311111311331111313311313311311131311131111313111311333333111
  1381102 31113333
  1391101 1313313331313333111111111133311313311311333113111131113331333313131131
  1391102 31313131
  1401101 3111333333313313311111111333113111313311113113113111313111313111133131
  1401102 33133133
  1421101 3333333333333313311111313333313313113333131133311113333133333331333333
  1421102 11111133
  1451001 3333133333311313311111311331333313113333113133131133311133333313333131
  1451002 31333333
  1461101 3331133333111313311111311331313313213313133333111133333331333311333131
  1461102 11133333
  1471101 3331333333131313311111311331333313113333133133131133313311333331333131
  1471102 11133333
  1481001 3333113131133133311313313311313113311331313131333133131131333333333131
  1481002 11333313
  1501101 1313311331311113311111111111111313311311311311111113311111311313131131
  1501102 11113111
  1531001 3331333333311333311111313333313313311313333311311111313311313331333131
  1531002 31133313
  1551001 1311113331113313311111311333313313313331313113111131313111331133333111
  1551002 31113331
  1571201 1313113331113313311111311333313313313331113113111113313333331133313131
  1571202 13313313
  1581101 1133313331313113311111313331313313313311133113113113313331333313333131
  1581102 11313313
  1591101 3333311333113313331111111313311313123311131113131131131131333331313131
  1591102 11133313
  1611101 3331333333113113311113133333311331311313131133313113111333133311333133
  1611102 11133333
  1621001 1311313331313133311111331313113313333331313133311111133331313111313131
  1621002 11133331
  1661101 1333333331113133311113333311331333311331133133111333113111311331313131
  1661102 13113333
  1681201 1111313131331133311311311311311331313331313131111131333131331331333131
  1681202 11313333
  1701201 3313313333313113313331111333133313311331131133311133313311331333331131
  1701202 11313333
  1731101 3313113133113313111311311333113313311311113133333333113333331133333131
  1731102 31333113
  1761101 3313313331113113313311113333133313313311111331311113333113331333133131
  1761102 11113333
  1781201 3311333131113333331113333133133333331333113133111131131333333331333131
  1781202 11133113
  1791101 1313331313113133311111133331333313311313131133113113111231311311333311
  1791102 13133333
  1801201 1333331333331113311133133333313323311333311113113121313333333333333133
  1801202 13333313
  1811201 3313331133113313311113331333133313311313111113311111311133333313331313
  1811202 11133333
  1821101 3331333333113333331113333333333333321333133133113133223333333331333313
  1821102 11333333
  1831501 3331333333133133111111333113313313313311133113113111111311331333133131
  1831502 31113333
  1841201 3333333333133133311131331313333333333313331133333131111313333331333133
  1841202 13133333
  1921101 3311333331111113311111111131113313131333111113113113333333333331131113
  1921102 11133311
  1931101 3133333333113113311113313333113313311313311133111311311313331333333131
  1931102 11113313
  1941301 3133333333113113311313311331313333313313333311111331311131311131131131
  1941302 31311313
  1991101 3111333311131333131131133333333133331333113131133131313331311313333131
  1991102 11133313
  2001001 3313133113311133111111113133313113131333331333133331133333331331333131
  2001002 11133333
  2031101 3133333331313133111113313133113313311331331113113311313133331333333131
  2031102 11333333
  2041101 3133313113111313313311313333131213313313331113113113111311211313133131
  2041102 31133313
  2051001 3133333333311313111111113333113313311313111133313311113131313313133131
  2051002 11333113
  2061001 3333333313111113311311313333331313313311133113133113111133311333333133
  2061002 11133313
  2071301 3313333133133133311111113333111313311311113133311113313133331331331133
  2071302 11133313
  2081301 3313333133313113311111111333113313313313131133113111111131313333333131
  2081302 11133313
  2101001 3313311313131133331131331313333333331331113133331132133333331333333333
  2101002 13133313
  2111101 3113313113113113311131113331131313311311131113113113113133333331331111
  2111102 11333313
  2121101 3311313133113113311111313333133313311313131113313113113333333331331131
  2121102 13333311
  2131201 3311331313331133111331333313133313331133311133111131113133313133133111
  2131202 33131113
  2161201 3313333331133333311111333333313313333333133113213313313331333133331333
  2161202 11133313
  2181201 3313331333333333331311333333313313333333133133333313113333333333331111
  2181202 31313333
  2191301 3133313333113113311311311331113313331311313131111111313131331333133111
  2191302 11333313
  2201301 3113323311133313313313222333121323333311123133311132311133331333233331
  2201302 11133313
  2211201 1133113331311113311113311331111331113311131113311113313311311331331131
  2211202 11113333
  2231301 3333333333133133311113311333113313313313113113113113313311311333331331
  2231302 31133313
  2241101 3331333333131133331113133333313313313333133113133131331311333311333113
  2241102 11133333
  2251301 3331333333131133331111133333313313313333133113133131333333331331333131
  2251302 31133313
  2271301 3331333333313133331131333333133313331333333333133313311133333331333333
  2271302 13133333
  2281501 3333133333113113311113311333331313313331113133113113133331333331333133
  2281502 11133313
  2311201 3331331313113113313111313313313333311333131113113133331333313331333131
  2311202 11133313
  2321401 3133113333111113311111113333111313311311113113313111131313311113333133
  2321402 11133313
  2331401 3333333333131133311113113133133313311333113133133113113333333331333333
  2331402 13133313
  2381401 3331133133113313311333311333331313133313111113111131333113331313333111
  2381402 11133313
  2391501 3111313313113113331131321331333313311333111133333311133331331313313331
  2391502 13113333
  2431101 3113113331111113311111311333311313313311113113111113113331311331133111
  2431102 11133313
  2441001 3333313333313113311131311333311333313311333131331111113311333313333133
  2441002 11313313
  2451101 1331313333113133311131113131313333133331133331113313333331331113333111
  2451102 33333313
  2501001 1333313313331333331313313333333333133331131133313333311331333311333331
  2501002 31333333
  2511201 3131311333131133311111331131311313333331133333111111111331311311331333
  2511202 13133111
  2531201 1311313331132133311311311331111333311311333311111311313331313333331111
  2531202 11133111
  2581001 1333313331113133311331331311311333333331113133113331333333331333333331
  2581002 33313313
  2611401 3333333333111313313111313333113331311311113133113133313133331131113313
  2611402 13333313
  2621301 3331313333133133311111311333313313311331111313311311131331333333333333
  2621302 13133333
  2641201 3333313333133113311111133333331333131311133131111113313333133131311133
  2641202 11133333
  2651301 3111333311113113311111111133133333311311111113313113131113331313333131
  2651302 11133313
  2701401 3333333313133133331131331313331333331331133331113331113331333333313131
  2701402 31133313
  2731301 3113333313133313311313311333331313313333133111131111331333313313333331
  2731302 13113333
  2751201 3113313133113333311311331113111313311311113133111313331133331313331331
  2751202 31133333
  2761301 1111313333313113311313333333133333311311133113113113131333333331333133
  2761302 11333313
  2771401 3311313333113113311113333313131313311311131113133111133133333311333313
  2771402 11133333
  2781401 3311333333113113313111333333113313311313131133313113133113333311311313
  2781402 11133333
  2791401 3331333333113133331111333333333331311333131133313133111133333331333133
  2791402 13133333
  2811401 3331333331113313311113311331113313111313311113331111331331331313333133
  2811402 11133313
  2841401 3331331311113113111113333113313133311313131113113331311313333111333133
  2841402 11133333
  2851401 3331333333133133131113333333133333331313131133333333111333333311333131
  2851402 13133333
  880 901 1333133331313113311311113331313311313331131133133133111131331113311131
  880 902 11313313
  881 901 3113311131111313311311113331111313311311113131131111313331331313331111
  881 902 31313111
  8821101 3133313131333333133311131313133323313333333111113133311331133313313111
  8821102 33313313
  8831001 3311113131311113311311311333311311311111311111111311313133333131111133
  8831002 33331111
  884 901 3333313331313113311131111333111313113311333111131113311311313111333111
  884 902 11111113
  885 901 1311313131113313311311111333111313331331113313113133313133331333223111
  885 902 13211133
  8861001 3133313331113133331111331331311333313311131132111113133311333333313131
  8861002 13313311
  887 901 1133311333111113311131311333111313313311131133111113313131313313333131
  887 902 13133113
  888 901 3133333313133333311113333311333313311333333133113133331313333333313113
  888 902 13313333
  889 901 3133313333313113311313313333331333313311331113111113313331331133133313
  889 902 31133333
  9041101 3313313333311113311111333333331313313311333133311111113311331331333111
  9041102 11113333
  4301201 3113333313113313111131133133313313111333131133113113113133131311333133
  4301202 33133333
  4331201 3313313331311133331333313331313313333331113333331133311131331331333331
  4331202 31113313
  4391101 3133133313313333311111313333313313313313131333113111313331333311333133
  4391102 11133313
  4421301 3333313131333113331331331333311333313331313333131133313331331331313311
  4421302 31313111
  4431201 1133131333333333331113113333111313331313133333113113313133133333131133
  4431202 13333333
  4611101 3333313333113333311111311311313333313331113133133111313113333331313131
  4611102 33113313
  4621101 1131333111311313111311111311133111331133333311113113113113331331313311
  4621102 13313313
  4651101 1333113331311131311311113331313111111111113111131131311111331311313113
  4651102 31313311
  4861501 1311313331111331311111313331131333311311111113113113313311331313313111
  4861502 33113113
  4871501 3333333313113333331113133333133333331333131133311113311113331331333133
  4871502 33133333
  4891501 3331313333113111311113311333333311313333131133113113133313333313133113
  4891502 11133333
  4911501 3333313333111113311111111333311313311311131113111111113313333311313131
  4911502 11113313
  4921501 1311333331111113311113333133113313313313111133113113111131333331333333
  4921502 11133313
  4931501 3133333331131133311131311113331133333313133133111113133333311313313133
  4931502 11333313
  4961501 3331331313133133331111313313131313311333131133113113131133331331333331
  4961502 11333333
  4971501 3331113313133313111113333313313333111311331113113311131113333311133131
  4971502 11133313
  4991501 3131333333113113311111313333313313111313131133113113113133333311113133
  4991502 11133333
  5011501 3333331313333133333131333313333333331333131313113313113331313331333133
  5011502 13133333
  5061501 3313313113133133311111113113313133333311111133113111111113333311313133
  5061502 11333333
  5071501 1311313331311313311131133333113333333311113113113113133333331333333331
  5071502 33113333
  5081501 3331333333133113311111313333313313313333133113311113313311331331333131
  5081502 13113333
  5091501 3131333333113333311111333133333333333311111133113113131113333311333113
  5091502 13133313
  5111001 3311333333313333331313333313333333311333131113113133111333333331333331
  5111002 11133333
  5141101 1133133313311113311113313333333313313333133133111111111113331311333131
  5141102 31333333
  5161001 3331133333113333331111333313333331331333131333133133113331333311333131
  5161002 13333331
  5191001 3311333333313333331313233313333333311333131113113133111333333331333333
  5191002 11133333
  5201101 3311313333313333311111111133333333313311131133311133333311331313333131
  5201102 13133313
  522 101 3133113333311313113113111333111313331311311333133331311331333331333333
  522 102 11133333
  5261201 3133113333311113113113111333111313331111111333133331311331333331333333
  5261202 11133333
  527 801 1133133331313313311111311333111313311313111113331331313111313331133113
  527 802 33133333
  528 901 3131133133113331311333111333111313331311311333133333311331333131333333
  528 902 11133333
  529 901 3333131133311313311313113333311313311333313333111131311333333131333113
  529 902 31133333
  5301001 1131113331313313313113111333331313313311333111111113131311333333333111
  5301002 11131313
  5411101 1133111313133111133311333311313131313132131313113311131311313311313131
  5411102 33333133
  5421001 3331333333133133311111331333333333113333333313111131333313333333133313
  5421002 33333131
  5461101 3331333333111313311111311333313313313333113113333131333331311311333333
  5461102 11113113
  552 801 1133311331313133311131131111131311311331331311131131113131331131333111
  552 802 31313331
  558 901 1313313331311113311311311331111333333311133313331131313311331333313311
  558 902 31333313
  566 901 3131113333313313311311313131333333313331133333331333333333333333111133
  566 902 31333333
  567 901 3333113331333333333331331131331313313331333311113313333332332313333131
  567 902 13113313
  574 801 3331333333313113333133331331113131311111133113111113111113333331333111
  574 802 13333333
  575 701 3311311333113313313113311333331313311331131113131331111331333331331131
  575 702 13313333
  5821401 3311113333113333313311113333311313313311111133131133313131331133333131
  5821402 11133333
 20601101 3113113333111311313131131133313313131333313131313131131131333113133131
 20601102 33131313
  2911401 3333333313331323313313133333133131311333111113133113133133313313131133
  2911402 13133333
  2941401 3331333113113313111111313333113333311313131333311131133331333331111133
  2941402 11333333
  2951401 3311331313133333311333333113133331331333131113113113111113333331331313
  2951402 13133333
  3891101 3133313131313113111113313133313313113311133313133113113133333131333133
  3891102 31113333
  3961101 1133333333113113111113113133313313311333131333113113311313333333313133
  3961102 11133313
  3971401 3331333133113113311113113333313313311333131133113111311311333333333113
  3971402 11113313
  3981301 3131333333113113311111311333113313313333131133133133133331333313333113
  3981302 11133313
  3891101 3311313131113313111313313333313313311333331133113113311331311333133111
  3891102 33113313
  4001301 3111133311113111112111313133313113113333111113313113113133333311333133
  4001302 13133333
  4011101 3113313111113313111113313131111113311311331313111311113311333333133113
  4011102 11111333
  4041101 1133333133113313111113113133113113311333133133113311131333333333313313
  4041102 11133313
  4071401 1113313331131113311111311331311313311311313113111331333131331313333133
  4071402 11113333
  4101101 3113333333133333131113313331333333311313111313113113313333331333333131
  4101102 11133333
  4111401 3333313133133333131111313331331313331331333333113133113333331333313331
  4111402 11313333
  4151201 3333311311131333311131313331313313313331333133113113113131311333113131
  4151202 31113133
  4161201 3333313331131333311111313331313313313331333133111113131331331333333111
  4161202 11113113
  4191301 3133133331113113111113311131313113112333333113113311113131333313133311
  4191302 11313333
  4201101 3333311311133113111113333331133311331311113113111113311331331311111313
  4201102 11111331
  4221201 3133333131133333131313313133313311331333133133113331133311333133313131
  4221202 11333313
  4231301 3311311133113133131111311333113313111331113131113133113311331313331331
  4231302 11133313
  4241201 3333313333311333331131333331311313311331313333333133133133311331313111
  4241202 31113313
  4251201 3333313331311333331111333311311311331333131113313133313333311331333111
  4251202 31133313
  4311401 3313313331313313311331311333333313313333133131313313313133331333333131
  4311402 31133333
