CANADA 90ITEMS
09002N
11701140
001003
(I5,I2,I1,1X,I1,70I1)
(I5,I2,I1,1X,I1,70I1)
    1211 1333333333333131313113333313331333313333331133333313313133333
    1211 2333333313331313131333333331313
    2470 1313113333133311133313133311131311111331113131113311133113113
    2470 2311313111133333113131313311333
    3211 1333133333333111333313133313111331311333331131333311311333333
    3211 2333313313331313131333313311311
    4230 1333313331333331333333133313111331333333311113133313333313331
    4230 2331313131333313113113311131331
    5190 1333133333333331133111133311111131113313311131113313331113113
    5190 2313311111131311111113313331333
    6200 1331113133331131133133113311331133111311113131113313311333113
    6200 2311111331331311113333111331313
    7191 1333333133333333333111313311111133313313311133313313331133133
    7191 2313113333313331111333313331313
    8250 1333311133333311131333111311131131111131313131311113331313133
    8250 2313333331133333133131312333333
    9190 1333333333333131333311113311311131111113313131113313331111333
    9190 2311311311131331131133113331313
   10190 1331133333331331133311331313311131313333313131113313333333331
   10190 2321113113331311111133313311133
   11190 1313133333333131133331331313311131313333311121133313331113333
   11190 2313313133333331131333313331313
   12181 1331311111131331133131313311311111133111113111113313331131313
   12181 2311311111131311113131313311133
   13190 1333333333333131333311133311111131313333313113133313333313333
   13190 2331313113333331111333313331133
   14201 1131131133333331133111113311111131113311311133133313311113133
   14201 2311313113331311111113311331313
   15180 1131333133111133333311113311311133113311311133313313331131131
   15180 2313313113111331111313233331311
   16190 1333331333333131333311133313111331313333313131133313331133331
   16190 2313313111133311113333313331313
   17170 1331313133333331333131111111313131333333313133133313331333133
   17170 2311311111331311113111111131333
   18191 1331313133333131133311113313311131111333111133133311331111211
   18191 2333313113331331111133311331313
   19190 1333313333133131133113113311111131111311313113113113131133311
   19190 2311111133131311111111313311333
   20211 1333333133333331333311111113331111111333113332333313331133333
   20211 2313333333333331331131333333333
   21210 1331123131333131331111133313311131133133111333333133333313333
   21210 2311133333331311311313313331331
   22180 1133113133333311333313133313311111311313113131313113311131331
   22180 2311113111133311133133313311333
   23190 1131333333133111333313133313311331311333133131333113333111333
   23190 2333113333133333331133331333313
   24210 1333133313333131133331111311311331331333111133133313331333313
   24210 2333313133133313131133313313333
   25190 1111133113333131133111133111311131331313311111113311331111131
   25190 2313111111133311113113313311333
   26220 1333133311333331133333113311311131111331313331113313331113333
   26220 2311111333313311131131313311333
   27180 1333131333333333133311113311113131311311311131313313311111331
   27180 2333113113133333131133313331313
   28211 1133131113333311132311113111111131111313332113333313331111113
   28211 2323113331333131111311313331333
   29191 1333331133333131333111133313311133111313311133133313331131133
   29191 2333313113333331131133313331313
   30360 1331133113331131113111111113131111333331111133133113331133313
   30360 2313111113133111113113113331333
   31191 1331133131331333133113113313111131111113333331333311131311333
   31191 2313313313111311113113313111333
   32220 1333333331333133333313133333111331313333111113333311333131331
   32220 2333313111333313131133313331333
   33180 1331313131331331333111113311311131113313311133313313331131133
   33180 2313331313331311111113311331113
   34180 1333133313333133333311113311311131313313111133113313331313333
   34180 2313311113333311131111313331313
   35191 1313333333133313333131131313311131111333331133133311333111333
   35191 2311311313333313113133313331333
   36191 1333113113131331333111113111111131113311311113313311311333133
   36191 2311111311331311111113311331113
   37190 1133131313133333133313131113311331331331113111133113331113313
   37190 2311113113133313131133113311333
   38180 1333133333333131331111113313311131113333311133133313313113313
   38180 2313113131333311131113313331313
   39190 1333133111333333133131133311111131313333313133133313331111331
   39190 2313313113331331111333311331333
   40190 1133333133131131333111113311111131113311311131133313331113133
   40190 2313111111131311111133313311313
   41180 1333331333333133333113113311311131133313311133313313331131111
   41180 2313313133331331111331313331313
   42181 1333133333333133333111131313311131333333331133133313331333333
   42181 2313333113333333111113313331333
   43221 1131133111313331113111113113111111311311111111111113311311311
   43221 2311313113131331111113311311133
   44241 1313131333333133333333133313311313311331331133333313333133313
   44241 2333313131333333131333313331313
   45201 1132113131313331333111113311111133113113113331133313311133133
   45201 2313113133133111113313313331111
   46200 1333133133333133133311113311111333333331311133133313331313333
   46200 2313113311331311133311313333313
   47180 1333113331333111313313111113131311311133131111111113131311111
   47180 2311111131133333111133113311313
   48191 1331313333333313113333132313331311311333133131133313331113333
   48191 2331313331133313133133113311333
   49230 1133133333333131133311111313311111333333131131133311333133333
   49230 2331313313113331313113331333131
   50201 1311333131333331333111133311111131113313311133133313331131133
   50201 2313113111333111111313111333313
   51190 1331133113333331133331113313111131333313311133113313333313113
   51190 2313313111131313111133311131133
   52220 1333133333333331133311113311311131311313311133113313331133113
   52220 2311311113333311111133313331333
   53181 1313133133333131333133113311311131111313313133113313331111333
   53181 2313111133331311111113313331333
   54180 1333133333333331133311113311111331311331331133133311331131113
   54180 2311113111333313133133313331313
   55200 1131113113333331133111131111131131113313311111113313331313111
   55200 2311111111311111131111111311332
   56210 1333131331333331133311133313311331313333331133333313311133333
   56210 2313313133333333111131313331133
   57190 1133131313333133133311131313131333333113313331133333333133333
   57190 2333131333331313131131313331311
   58300 1333113333133313331313113113111111111333313131333313333113313
   58300 2313311331333311133133313311333
   59210 1133133333333131333311131313311131311331311133113313331111333
   59210 2313113111331331111133313331333
   60211 1333313333331133133311233311313131113313333133333113331131333
   60211 2313131312313313111313313333112
   61320 1332313333333331133333113311133111111311311111333313331113113
   61320 2311113311133311113133313333333
   62211 1333133131331131133111113311113131113113311133113313311133333
   62211 2313311313311311111313313331113
   63241 1131113313333331133311313311111131333333331133133311331133133
   63241 2313111131331313111113313131333
   64251 1331113113333331133111113111111111111311111133113313331113113
   64251 2313111111331311111113111331333
   65190 1133131333333311311311133313311331311333133131333113133131333
   65190 2311313333113313313133313331313
   66200 1333133113333311133331111113111331331333331133333313333133313
   66200 2311313331313313133133313331333
   67210 1133113333133111133113133313111311311333113131113331333133333
   67210 2333113311133313131133313311313
   68241 1331131133333331133111133113111131113313311133333313331313133
   68241 2311313111331311131111313331333
   69190 1131133333331131133111331111111331313333311111133313331133311
   69190 2313113333331111111113313331333
   70180 1133133313333331133311133313113131313331111131113313333113311
   70180 2331333111133111333111313333333
   71200 1131133313333311133313133313131111331333131331133313133113311
   71200 2331113131133311333131113331333
   72390 1131133113333311133311111111131131331313311113133311331331113
   72390 2313133311333311113113313331333
   73200 1131113113333311133333111311111131331313313111133311331313311
   73200 2311313131133311133133313331333
   74190 1333133313333331333313133311311131313333311133133313333113311
   74190 2311313331333311111133113331313
   75220 1333333333133331333313133313111131311313333131133313331313311
   75220 2313313311333311111131111311333
   76400 1333133333133313113313131113131311311331133111113313131313311
   76400 2311311131133313111131113311333
   77180 1333133313331331133113133311311331113113331133311313331313333
   77180 2331311333331333331313313331313
   78301 1333133113331133133113113311111331313311311333133313333133133
   78301 2331111113331311113113313331313
   79191 1131111131331131133111313311311131111313111133113313333111133
   79191 2313313113131331111113311331313
   80360 1133113333133311313111113111331111311333113111113311311333333
   80360 2313311111131311111113113311333
   81230 1333113333333133131311313311311131331313133331313313331133333
   81230 2313311313133313111133313331333
   82350 1333133333333333133311333311311131311333311133133313331313333
   82350 2313131131333311111133313331333
   83200 1133133131333331333311131313311331311313311113313333331311333
   83200 2333313131333333111333333311313
   84200 1333113333333133313313113313311331311333111131113313333113333
   84200 2331313133333311131333113311333
   85230 1131333331333331333313113111331111311313113131113111333113133
   85230 2313111133133311111133111311313
   86240 1333133331331131331131313111111111311311331133333311331131313
   86240 2313311311331313111113111331333
   87190 1133113333333311133313133313331131313333313133333333313113333
   87190 2331333331333331131333113333333
   88180 1133333331333333133311133313111331311333133111113313333313333
   88180 2111313131133313131133313331313
   89181 1133113333133133133313131113311311311333113131133311131113333
   89181 2331113113133313131133313311313
   90200 1331133333333331133311113313111131313333313113133313311111313
   90200 2313113131133333113333311311133
   91190 1331133113333331133311131113111131313313311113133313331133331
   91190 2313313111131313333131313331333
   92201 1331333133333331133111113111111131313311311133313311311113113
   92201 2313111111331111111313311331331
   93190 1333133133333131133311113311111111313333333131333313331111333
   93190 2333313131133333131133133331333
   94211 1333133133333333133311133313311331311333331131113311331313133
   94211 2311111133333311131133313131313
   95190 1333131131333131133311111313111131333313311333113313331311131
   95190 2311313311331311111131311331333
   96190 1333133331333133333311133313311331311333331133133313331113131
   96190 2311111111333311111133311331313
   97180 1331133333133331331313111113111331331333113131113311333111311
   97180 2331111331131311131333313311113
   98221 1131111333131133333313313313131331311313313111113313133133333
   98221 2333111311333313133133313311333
   99190 1313331333331133133111113111111133111311111133113313331113131
   99190 2333313331331311111113313331313
  100190 1333131331333333333313133313111331311313311133133313333313131
  100190 2331313131333313311333313331313
  101181 1333113113333331133131111313111131333333311113131311331333133
  101181 2311313113331111113111313331333
  102191 1333333333333331333331333311311131313313311133113313333133333
  102191 2313113311333311313333311331333
  103191 1333313331333333333311133311111131313313313113313313331111333
  103191 2331313113331331111133313331333
  104221 1333313133333111333311133113311131311333113131133113131313333
  104221 2313333131133311131331113311313
  105180 1333333313333131133311113311313131133331311133333313331111133
  105180 2333333311311131131333313331333
  106240 1311333333333331133311113313311131111313311131333313311111333
  106240 2313311131333331111133313331333
  107281 1333133113131333133313113313111131311313111131113313331113131
  107281 2313111311131311131113113331331
  108231 1331111333131131313113313111313131113113111131313313111113333
  108231 2313311113131311113313111331133
  109190 1313133333333131133311133313311331311331311133113313313133331
  109190 2331313133333333131133113333333
  110180 1333333333333131333311131313311131331333331131133311331131333
  110180 2311313131333133131133313331333
  111181 1333333333333133333311133311313133311333331131133313333133333
  111181 2333333133113311133333333333313
  112180 1113133131333331333311133313111131331333131113133311331113333
  112180 2311113131333131133133311311313
  113211 1331311131331131133331133311313131113313311133113313331113133
  113211 2133113133313311131133133313333
  114181 1333333133333133333333133311311331313333133131133311333113133
  114181 2313311313133333131333113331333
  115201 1131331133333331133311113313311131113313111133133311333113331
  115201 2313313113331311131133313331313
  116190 1131113133333113333313111311311331311333313111113311331111331
  116190 2313311333133131131333313331133
  117180 1333133333331131333113133313111131113313111131113311131111333
  117180 2113313131131311131313313333333
  118191 1133333333333333333113133311313133113313331133313311333131333
  118191 2333333133311333111313333331311
  119260 1113133131333131333111113311331131113333311133133313313113313
  119260 2313311133331331131113313331313
  120200 1333133313333111333111113331113131111331311113133331311111113
  120200 2313133113333331331133313331133
  121181 1333333131333331333112113311311131111313313131313313331113133
  121181 2313313313131311111113313331113
  122201 1331133133333131133111313311111131113313311133113313331133133
  122201 2313111313333311311133313331333
  123211 1331331133331131333131113111331131111313311131113313331311131
  123211 2313311131131311111113111111333
  124190 1333133113331333133311113313111331311331331133113311331133333
  124190 2311113133333311131313313131333
  125190 1331133133333131133111333311111131111311311133133313331111331
  125190 2311113133331331111313313331333
  126191 1333333331333133333111133311311131313313311333333313331111333
  126191 2333313313311331131333313331333
  127180 1333133333333131333111333111111131311333311133113333333113333
  127180 2313111113331111111113113331333
  128190 1333113133333311133313131313131331333333113131133313133311313
  128190 2311313133133133113133311311333
  129220 1133133333333333133311133313311331311333331131133313333313333
  129220 2333113131333313131131313331333
  130201 1313133131331133333311333311111131113331111133313313331111133
  130201 2333313133331311131113333131333
  131221 1333113133333133133313131313111331311331133131133313331311113
  131221 2311113113133331111333313311333
  132200 1313133333333331133111113313311131313333311113133313313133111
  132200 2313313311333111111131311331333
  133190 1331313333131331133111113311311131113311113131133313331333333
  133190 2331111113333311111133313331333
  134191 1331113131333311333111133111131131131333113131133111131313133
  134191 2313313111131111111111111331133
  135191 1311311131313111331111133311311131113311311113333313333111131
  135191 2333113333333331133333333333313
  136211 1331311133333331333111131111111131111311313131113313331313333
  136211 2331311313333311111113313311313
  137231 1133131131333333133311133311111131113313331133113311313111333
  137231 2313311333331313111113313333122
  138190 1333133133333131133111133313111131311331311131133313331333331
  138190 2313313133331311131133313331313
  139190 1331133331333331133313133311111131313333331133333313331133333
  139190 2311313111333311113113313331333
  140181 1313333333333133133311131113311311313331311131133313331113333
  140181 2313113113113313131313331331313
  141190 1333333331333131333311133311111131113333311133133313333333131
  141190 2313313133333311331133313331313
  142201 1333133131333311133313113113111131113333311133133311133113313
  142201 2313111111331311111133313331313
  143190 1313133333333331333313333313311331311333311111113313331113333
  143190 2313311333131311131133113331333
  144240 1311111113333131133111333311111331113313113113133313331113331
  144240 2311113113331331111113313331333
  145181 1333113311133133313311113311131331331333131111133313133311311
  145181 2313313111133313131333113311313
  146190 1331133333333331333311311311311131313333311133333311331331333
  146190 2313313331333333111133313331333
  147220 1333333333333333333131113113331331313333311131133313333113333
  147220 2333313133333311331333313331333
  148191 1333133133333311131111113311311311331311131131113313331313331
  148191 2311313311133313133331313131333
  149190 1131313333333133133113333311311131111313111131313313333113333
  149190 2313313113333331111333311331333
  150190 1333133333333133133313113313331331113133113133133311331333331
  150190 2313313131333311111113313311333
  151181 1313333133333333333313133313311331333333131133333313333131333
  151181 2313313113333313111333313331313
  152190 1333113133333331333313113311311331311331311133133311331113131
  152190 2311311131333311111331313331313
  153221 1311313333333331133111111313111131113313333133133313333133333
  153221 2333131111333111111113313331133
  154320 1333113113331313133313113311313331311311331133331313333331113
  154320 2313311111333331133133313331333
  155190 1331133333333331131313133313113331331333113111133311311133311
  155190 2311311131333311311133313311331
  156240 1133133333333313133311133313311131313311311133313111333333313
  156240 2313313133333333331133313331313
  157191 1313113113333331131333131313111133331333331313333311333333331
  157191 2331333313333313133333333333313
  158201 1333113333333133333111133313311333333313131133113311331313333
  158201 2333311113333313131333313331313
  159251 1331311133333331131311333311111111133313111131333333331111113
  159251 2311313313331131131133311331333
  160190 1313133333333131333111113313311131113313331133113313313133333
  160190 2313313131311313111111333331333
  161240 1333113313333331133313133313111111311331111131133313131313313
  161240 2313313133133331131131313331313
  162191 1331313333333111333313133113311133333333113131333311331333333
  162191 2313313133133111111133133313333
  163211 1331113133133333133311111313111131311313113131333113333333311
  163211 2311113111133313131133311311133
  164190 1113313331133133313313333111131111311313113131313313133113331
  164190 2333111133113313131333113333313
  165180 1333113333333313313313133313111311311331113131133313131313331
  165180 2313113131333313133133313311313
  166180 1333113331133311133313131113331131311133111111313111333131111
  166180 2311313133133331111133113311313
  167180 1133313333333131133111133111111331113133131131313313333111333
  167180 2313111133111313111333333313113
  168300 1133133313333331133313133313311131311333311133133313331113333
  168300 2331313111333311111133313331313
  169221 1333133113333131333311113313113331311333331131133313331113333
  169221 2333111133133313331333113331313
  170291 1133113333133313333333113113331311331333311131113313331113111
  170291 2133113113333313331133113313333
  171181 1331313311333331333313133313313131313333113133131313333133333
  171181 2331113133333313111333313331313
  172190 1131333333333331133311133111111331313333111111313313331111313
  172190 2331113133331333131133113311313
  173220 1311111131131331331113133311131111111313113111113313311131133
  173220 2113311333131331111113311311313
  174180 1133313333133111113313133113131131311333113131133313131333331
  174180 2133113333133311131133133333313
  175220 1331113113333311133313111313131111313311113111133113131113111
  175220 2313113111133313131133111111333
  176201 1331131131333131133111313311111131113313311113113313311133333
  176201 2313311111333331113313313331333
  177231 1331131131331131133311113311311131113313311133113313331113133
  177231 2313311311331311111113311331133
  178220 1333133131333131333311313313111131313313311131133313331113133
  178220 2313311113331311113313311331333
  179220 1331113333133111333313111313111111331313113131133313331111311
  179220 2313111111333313131113111331313
  180190 1333333311331131333313133311311331311333311133113313333313333
  180190 2333313113331313131133313311333
  181210 1133131333333333333311133311111131113313331133113313331313331
  181210 2313111331331311111133311331313
  182201 1331113133133331133131113111311133111313111133313313331333333
  182201 2333311133331311113313313331313
  183190 1133313333333131333333133113311331313311113113131311131333333
  183190 2331113133333313131131113311333
  184221 1333113333333331133313111311111131331333313111133311331133113
  184221 2311113111331311333131313331333
  185201 1133331133333333133131133311311131113311311131133311331133331
  185201 2313311313331311111331311311313
  186231 1331133133331131133111313311311131113313313133133313331133133
  186231 2313111311331311111313313331313
  187210 1311131133333131133311113311311133313313311133113313331113133
  187210 2313311113331311111113313331133
  188190 1131133133333131133311113111111131111313111113133311331313133
  188190 2311113113333331113133311331333
  189190 1331113113333331133333111111111311331333313131113313331113311
  189190 2311311111133331133133113331333
  190190 1331133133133331133313131113311111131313113111113313131313331
  190190 2313311131331311111133113311333
  191201 1331313331333131333313133311311133311333113133133313331111333
  191201 2313313133333331111333333331311
  192181 1313331133333131133311333113311331311333331113133313333133133
  192181 2311313331331313111333313311313
  193211 1333113133333131131311333313111131311313111133133313331131133
  193211 2333311111333313111133311331333
  194211 1333113133333131131311333313111131311313111133133313331131133
  194211 2333311111333313111133311331333
  195220 1333133313333133333313333333313333313333131131133313331333313
  195220 2133333333113331313113331333131
  196340 1331333113333331333311133113111131311333311111133313333313111
  196340 2313311111133311111133113331313
  197190 1333133133333331333311133113311131313333311133113311331133131
  197190 2313111131331311111131313331313
  198190 1133113333133311313313133113131331311333111131113113131113333
  198190 2333313111133313131133113311313
  199190 1313131311333331333111311313111311311311111333113313331131333
  199190 2333313331333331133113313331333
  200190 1313313113333333331111333331311333111311311133333333331113333
  200190 2313313311131331111113333331333
  201190 1333133333333333133331133311111331313333331113133313333113333
  201190 2333311131331113133333313331333
  202280 1313113333331133133313131313311331311331133331133333133113313
  202280 2333311131133313131113113331333
  203200 1333113313333111133333113311331111311333113131113113131313331
  203200 2311311311133311311333113331313
  204190 1311113133333311113111331111111131113313113111113313113313113
  204190 2311311111131311111111313131133
  205200 1333133133333131333311133313331131131333311333133113331331133
  205200 2313113133331311111133333333333
  206200 1133333333113331313313133313113131311333113333133313313133331
  206200 2313313133333113133131111331313
  207181 1313331333133131333311133311311331311313331331133113331131331
  207181 2313313133131333111133311311311
  208221 1131131333333131333131333111311131113313311131313313331113333
  208221 2333111113131311113333333331133
  209650 1331313113131131133311113311111111131311311131113113331113111
  209650 2311311311133311111133311311333
  210190 1333333333333133133311133313311131313333331133313313311131333
  210190 2333313133311333131113333333313
  211200 1131133313333331133311133311111331311333111133133311331113133
  211200 2311313131333313131133313331313
  212210 1133133333133113333113333333113131111333111331133113311333331
  212210 2313113111133311111311313311313
  213230 1113313333331131331311131313111331331331333133113313313113313
  213230 2333331311333313131131313333313
  214230 1113313333331131331311131313111331331331333133113313313113313
  214230 2333331311333313131131313333313
  215201 1131113133131131333113111311311311311313133131113311331113311
  215201 2313113113131313111113111311131
  216180 1113131331331131133111113311111131113311311133113313331111133
  216180 2313311133331331111113313331313
  217190 1131113133333133133313133313311331331331113131113313331113331
  217190 2331111113133311131133113331333
  218190 1133113333333331133313131313111331333333133111133313331113331
  218190 2313313311133313111331313331333
  219180 1133133333333131333113133313311311131133313313113331313131133
  219180 2133311313313331313113331331131
  220210 1133133313333331133313113311111131313331311133133133331113311
  220210 2313113311333111111131311331313
  221260 1331313333133131133313133111111331331333113111113311133133333
  221260 2331113133133311311113113311333
  222210 1133111133131311133313111111131131311311113131313313331133111
  222210 2311111131133311111133313311313
  223260 1333333333333131333311133313311331313333331133113313331333333
  223260 2313313131333313131133311331313
  224350 1333111113333313133313131133131331131331333131131311333311313
  224350 2311311131113333111133313331333
  225220 1331133133333333333311133313111331331333331133133313333133113
  225220 2311111133331313313131313331333
  226210 1331131133133311333113113111111111131313311111113113111133111
  226210 2311311331131311111111113311133
  227240 1333133113333331133311333311113331311331331131333313331113331
  227240 2131313133133313133131313333333
  228231 1331133333331331133313111111311131333313113131333311331313133
  228231 2313113113111311113133133311333
  229190 1331333333333131133311311313311131313313311133311311333131133
  229190 2313113313331331111133313333113
  230180 1331133113331331133113111311111131113313113133133111313113131
  230180 2311111131131111113113311331333
  231200 1333133133333131333311133311111331311331311113133313331111131
  231200 2311313133331313111113113331313
  232191 1333133133333131133311131311111133111333331331133313313113133
  232191 2311313311131311111113313333113
  233100 1111131331331331133111113311133131111311113111333111331113331
  233100 2313111331331311113111333311333
  234231 1131131113333331331111133111111331133313311133113313331333333
  234231 2313111133333311111111313331333
  235250 1331133333333331333111113313111331313333331133113313333133131
  235250 2311313133333313133133313331133
  236200 1333113313133311133313331111311311311333113131113313331113111
  236200 2311111113133313111133111313333
  237381 1133333333333113333311133113331311311333131133133313133331331
  237381 2313313133313333131333113331313
  238221 1333113313333131133313111313311331313131131133331313331111333
  238221 2311113313333333111333313331113
  239200 1311133331333131333111133311111131111333311133133313311113333
  239200 2311111111331311111113311331313
  240200 1333313333331131333111313311311131111313111131333313331313331
  240200 2313111333331311111333313331313
  241180 1333133333333113133313133313313131311333331131133313333331333
  241180 2333313131331313131133313331333
  242200 1331133133333333133111111111111331111311311111113313333313111
  242200 2311111131111113131133113331333
  243181 1331333131331131331111133111311131113333311333113313311111111
  243181 2311331131313131111313331331313
  244290 1333131113331331333111111311113131311311311133133311333113113
  244290 2311311111333311113111313131333
  245270 1333111133133131333313131313131331333311131313111313311331313
  245270 2311111133331331111333313331113
  246211 1132313111133131131311333331111113111313111133333313331111333
  246211 2313113333333333113113313331131
  247201 1333311133331331333113111111111133111313113131333313331133333
  247201 2311313113331311111113313331333
  248200 1331331133313331133111113111311131113313313133133311311313133
  248200 2311311111331111111313113331333
  249241 1333131131331331133111113311111131113313311113113313331313133
  249241 2313311111331331111133313331113
  250210 1333313333333333133313133113111331311333333133133313331313333
  250210 2311313133333313131133313311333
  251180 1331333133331331333311333311311131113313111131313313311113133
  251180 2333113133133311131113313331333
  252211 1333311313133131133311113311311131111313311133133313331331333
  252211 2313311313331131111313313331333
  253200 1333113331133111133313133113111331311313131111131113333113333
  253200 2111313131133113131133113311333
  254211 1333333333333133333111133313311331333313331131333111333133333
  254211 2313333133333313111133313113313
  255180 1313131331331131333111313313311131113333331133333313313131133
  255180 2313313111331331111113313331333
  256191 1333333113331331133111113311111331111333313133133313331133133
  256191 2311313113311311111311313331331
  257181 1333333333333331333131113313131331311333333133133313333111333
  257181 2333113113131333111133113333313
  258180 1333133133331131133331113313111111111333111111133313331311111
  258180 2333113133311331133133313331313
  259190 1331131133333331133311111311311131131333311133113313331113133
  259190 2313113113331331131113311331333
  260200 1133331331331331331311313313111133113113311133133313331113333
  260200 2313313331331311111313313331333
  261201 1331111131331331133111113311111133113313311131333313311333133
  261201 2313111113131311111311311331313
  262190 1133133331331313133313133311311111311333311131313313331133133
  262190 2313113131131311131133313311313
  263191 1131333131333131133113113311311131113113111133113313333113331
  263191 2313313311313311111333313333313
  264181 1133333333333131333311313313111131311333331133313313331131131
  264181 2333113113333331111133333331313
  265181 1331133133331331133111113311113131313313311131133311331113133
  265181 2313113111331311111113311331333
  266180 1331133113333131133331131313311331333331331133133313331133113
  266180 2313333311333313111133311331333
  267220 1331133133333131133311111313111331311311331131133313331333133
  267220 2311113111133311113133311331313
  268200 1313313331133333113311133313111331311333133331313333133333333
  268200 2333313313131111131131113333333
  269180 1333113331333333333313131311311131311311113113333333333311313
  269180 2333331113333331131333313311313
  270190 1313133333333331333313133311311331311331313133133313333313331
  270190 2331311331333313131133313331333
  271181 1333113313133313111333133133131131331331133111133311131133313
  271181 2331113131113113133131113311313
  272201 1333133333333311133333131113111331333331333131113311131113311
  272201 2311313111133133113133113331333
  273200 1333133311333333133311133311311131113313311133113313311133111
  273200 2311313111331331113113311333313
  274201 1113113333333331133113333311111131111333111131333311311131333
  274201 2313113333131331133113313331333
  275190 1333133313333131133111111311111131113313113131133313331313133
  275190 2311113133331311111113313331333
  276240 1313133313333131131311133113111131331333313111133311333113311
  276240 2311313331333133111133313333333
  277201 1311131111331331333331313111311131113313311113113313331331333
  277201 2313313133331331111333113331111
  278191 1333133333333331331311133313111111311333333133133313333113331
  278191 2133333311333311331333311311333
  279200 1313333331333131331311333313111331311333331131133133333111331
  279200 2333313133333333131133113331313
  280211 1331111333333331133331111313311131333313113133333311331313333
  280211 2313311133333331133311333331333
  281190 1333313313333331133111113111111131111313311131133313333333313
  281190 2333313111331311133113313331333
  282190 1333133133133331133313111113111111311331113133113313333133311
  282190 2333313131333311133133113313333
  283190 1331113333133311133113133313331111331333133111131311331311313
  283190 2313113111133111131113113311333
  284440 1333113133333331133313111313113331331311333113133111333333333
  284440 2311113111333113113133313331333
  285190 1113133313333133133313133113111331311333131133113313333311331
  285190 2333133111333313131131113311333
  286190 1131133133333131331313113311311131331311111133333111331111333
  286190 2313313111131331111313313311313
  287191 1331133333333131333111133311311131111333311133113313311133133
  287191 2311311113131311113113313331313
  288190 1333133333333331131311131313311331331333311111333313331113333
  288190 2333313111133313131133313331333
  289201 1333333333333131331311133311111131113313313133313313333113333
  289201 2313313133331311111313313331331
  290191 1133133333333333313311133313311333311333131133133313333133333
  290191 2333333313333313133133313331333
  291190 1333311331113113311113313133333131133331311131133311333313313
  291190 2311313111333311311113313331331
  292180 1331133133333111133313133313111131313333113113133313333313333
  292180 2313313131133111131333313333333
  293190 1133113313133333311313131311111331311331113111333113333133111
  293190 2311313311133333113131313313333
  294190 1331313113333311113113113113131131113311113113113313131133113
  294190 2313311311131311111333113331333
  295190 1131133133131311133313111111131131111313311131113313331113111
  295190 2313111131131133113131111111333
  296191 1131113113333331133113113311131113113313113111113313331133133
  296191 2311313111133111111313311311333
  297190 1133133313333331333313111311111131311333311131133313331113111
  297190 2311113111133313131111313311333
  298241 1333113333333331333311113313313133311313313133133313331133333
  298241 2313313131331311133133333333333
  299190 1331133333333331333333131311311131313313313113133311331133131
  299190 2333113131333311111133313131313
  300240 1131113313331331133131111111111131113311311133113313331113311
  300240 2311111111331311111113113331131
  301220 1333133331333333333113313313331331311313331133133313331313333
  301220 2313311313313313111111313131333
  302191 1333311133133111133313333313311311331333133111133111133113333
  302191 2331313133133313131133111313333
  303190 1331133131331331333111111311111131113313311133113313331113313
  303190 2313111111331311113113311331333
  304201 1333133131133313313113133313111111311313333131133313313111133
  304201 2311313333331311131313313311333
  305190 1331131113333331133311133113331131111313311131133311331113113
  305190 2313113111331311113333311311333
  306191 1133113133333333133131111313111331311331111131133313331113113
  306191 2311111111331311113113113111333
  307190 1133133331133331333311133313131131311313313133113311331113331
  307190 2313113331333111131133313333313
  308230 1311133133333131333313113313311111333333331131111111331133133
  308230 2311311111133311131133313331333
  309180 1331333131333331133311113311311131113313311113113313311113333
  309180 2313311311331131113333313331333
  310190 1333333331333331133133113311111333133333311133113311331113133
  310190 2313111133331311113333313331333
  311190 1331133311331311133311131111111131133313311113131311331313311
  311190 2311311111331311133133113331133
  312180 1131133113333331133111111333111131131313311131133311333133111
  312180 2311111111131311113133313311113
  313190 1333333333333331133111113311311131111333311131313313313133331
  313190 2313111131331311111113313331333
  314190 1333133333333131333311111113311131311333311131133313331113131
  314190 2313313111333311111133113331313
  315190 1133133333333131333311111313311131313133311131333113331113131
  315190 2311313111333313311133113331313
  316201 1333331331331133333311133311313131113313311131313313331113333
  316201 2133113333133311131333313331313
  317280 1313133133331131133111131113111133311333311133113313333111113
  317280 2313311133311331131133313331133
  318220 1313133313333331333313131113111311313333333113133311333333313
  318220 2333333111333313333133113331313
  319220 1331313333333331313313133113131311113331333133133111331113331
  319220 2313313131333313131133113331313
  320201 1333133131333331133313133311111331311313331133113313333133133
  320201 2331311111333311111133313331133
  321200 1333333331333131331311133311111133333333313133133311333333333
  321200 2333333133331311331133313331311
  322201 1331333113333331133111333131111313113113133311133131311333331
  322201 2313113113133311133131311333331
  323191 1313333133333331133311133313311133313313131133333313333331333
  323191 2333311333331331131333313333313
  324191 1331113131313331133111113313311311113113111131113313331131333
  324191 2313111111331311131313113331313
  325180 1331133111333311133111133311113331311333331133113113331113313
  325180 2331311133333313331113313331313
  326190 1331113333333333333311133313113131311311311133113313333113333
  326190 2313313111333311111331113331313
  327211 1333133133333311133131111313111131113313313113133311331133113
  327211 2311313111333311111131111331333
  328191 1131113133331131333111113311111131113313113113133313311311133
  328191 2313111113331111111113313331133
  329340 1133111133113333111113333113111331333313113133133113131133133
  329340 2311111333333311111111111331131
  330360 1331113113133131113313113111111311331313113111113113331333131
  330360 2313111113113331111133111311313
  331220 1333133313333331131311131313311331333331331133133311333333333
  331220 2331313331333313133133333333333
  332211 1133111331131131311113313313111131111313113113313313331313333
  332211 2333311113331311133113113311133
  333191 1331113113333131113311113313111331311333133111333313133331111
  333191 2311133311113111131131311331313
  334220 1313133313133311113313131133331111311311113131113313331313331
  334220 2311311131133311111133113311333
  335190 1333133333333131333111113311113313331113133111313331333313111
  335190 2331331331333133111111331111133
  336181 1113133333333331133311333113311131311133111131333311333133333
  336181 2333133333133313111133113331313
  337191 1333331331333311133311313311311131311313313131113313333111133
  337191 2311313111133133131113313331313
  338220 1331331133331331333111133311311131333313311133133313333133133
  338220 2113113113331311133333313331333
  339230 1331111333133333133313313111311131333333311133133311331133133
  339230 2313313113331311111113331311313
  340180 1331133313333331333311133311111331331331111131131311331133311
  340180 2333113313133313113131111111313
  341220 1311133131331331133131313311111131113313311113313313333313333
  341220 2311313333331111113133313331333
  342180 1133313333333131333313111111311131311331113131133113133113311
  342180 2333113133133311131131113331313
  343190 1131333313333331133311133311311131331313313131313311331111313
  343190 2313313131133311113133313111333
  344190 1331133333331331133311133311111331313313311133111313331333313
  344190 2311113131331311113131311331333
  345201 1133113333113111111133111311111311111113113311113313111133333
  345201 2113133331133311131313313311313
  346190 1333333333333131133311131311111131313333311133133313331331311
  346190 2311311111333313111133313331333
  347200 1133113313133313133333131113131311331331113111131111333313311
  347200 2331133131133313333131313313333
  348210 1333333333333131333313133313111331311331133131133313331313133
  348210 2333111113133313131333113311313
  349190 1131113333333331333331131313111111331333113111113313331113331
  349190 2311111111133311331331313311331
00350241 1331113133333331131111133311113111331331113133133311331133313
00350241 2331133333331311133111133313333
00351191 1333133133331331133111113311111131113313311113133313333333313
00351191 2311313111331111111131313331333
00352190 1333133133333131131311111311113131111313311113133313331111333
00352190 2313113111331311111133311333313
00353190 1133113133133333133311131313111131313331113111313311331113311
00353190 2313113111113311111133313311333
00354190 1333133311333131133131133313111331331313311113133313333313133
00354190 2331311131333133333313313131333
00355190 1311113313333131133313131313131131331311113111113311131133131
00355190 2311111131133313113111313311333
00356180 1331331133331131333113113311311131313313311131113313313131333
00356180 2311311111131331111313313331313
00357190 1313133333333331133331111311111131313311311113113313331333131
00357190 2311113313313311111311313131331
00358180 1333333131333131333111313313311131313333313133313313311131133
00358180 2313311311331333111113313311313
00359220 1331131131331331333111111311111131333311331133113313311111133
00359220 2313111111331331111113311331113
00360230 1331113113331331131131113311111131331311111131133313131113133
00360230 2311313113113311111333311311111
00361190 1333113333133311133311133311133331311333133111113313133113333
00361190 2331133131133313131133313311313
00362180 1333113331333333313311333111113131131313111131133113331313133
00362180 2333313131131311111133313111333
00363180 1133111311131331131311111311111131313311113133113313313113313
00363180 2311113111331111131133113331313
00364181 1331313133223322331311113313133333111313313131133313331113131
00364181 2313111133333333131313331133311
00365190 1133113333333111113313131113131311313311113111113311131113311
00365190 2311111111133113133131111333132
00366190 1333113133133131333311113313111131331311311111113311331113313
00366190 2311313133133311133333313311313
00367190 1331313331333331333311313311311331311331333131133313311113131
00367190 2313311133333311311313113331313
00368190 1331133133333131133313113211111131113313313131113313331333133
00368190 2311111111331311111113313331313
00369180 1333131333133333333313131113111131311333113131113313331113331
00369180 2313311331331313131133113331333
00370270 1331133333333331333311111313311111311313111131313313331111333
00370270 2313113111133311111133313311313
00371190 1333133313133331133311131313111331331331131131133311333313311
00371190 2311111111333313133131113331333
00372190 1331133113332131133111113113331131133313311133113311331313313
00372190 2313311131331331111113313331333
00373210 1331133113333331133311133313311131313333311133133313331133333
00373210 2331313111331311131111313331133
00374190 1333331313333131333311333313111331311311311113313313311111313
00374190 2311313131331333111113313331333
00375190 1133133133333331333311313311133131311313311133313313331113133
00375190 2313111133333311131133313311313
00376180 1131131111333131333311111313311133313313113111313313313111333
00376180 2333313313131331111133333331313
00377190 1333133333333133333311133311111331311333313133133313331333331
00377190 2311311311113311111133313331333
00378390 1133333333333113311113113111111131331333131131133113131113113
00378390 2333313133133311111133313331313
00379190 1333133313333333133313133313311331313333333113133313333333333
00379190 2311313311331333113133313331333
00380180 1331133133333331133111113311311131113313311133113313331333111
00380180 2311311131333311111331313331313
00381190 1331133133333131133311113311111131131311311113111311331313111
00381190 2311311111333311111333311131133
00382200 1333133313333333333311131313311331311331111113313313333313331
00382200 2311313133313311131133313331313
00383190 1331133133331331133131311311111131133311311111113111331333113
00383190 2311111111131111113111111311333
00384190 1313133133333331133131311311111131113311311133113313331333313
00384190 2313311111333331111113311331313
00385250 1133113333133313131313133113111311331333133131133111331311311
00385250 2313113113133131131133113311333
00386410 1333133313133311331313131313131311331333133111133313133113313
00386410 2331313333133113131131113311333
00387190 1131133313133113133313131113111331133313313113113313131313331
00387190 2313111311333331113313313311333
00388190 1333133113333331133311111313111131133313311133113311331113133
00388190 2311311311331111111133313331333
00389200 1331133333331131133111111311111131113313111131133313331313113
00389200 2311111111131311113113311331313
00390181 1131113113331331133113311311111131113311111111113313331333133
00390181 2311111131331131113113311331133
00391230 1333113311333331133333111313111311313311111131113313331113311
00391230 2311113111133311131111311311333
00392300 1113331113331311133111111113111331333311113111133311333313313
00392300 2311311311131333133111313131113
00393201 1333113131331313333113113111131131111311113131113313331313133
00393201 2313113113131331113113313311133
00394300 1333113333333133333313133313131331311313133131113313133313333
00394300 2333113313133313111113313331313
00395190 1333133133333331133111133313131131113311311113113311331113131
00395190 2311111111333133111131313331313
00396170 1313331311331131333111113311311133113113311313311313311131133
00396170 2313311313331331111113313331113
00397190 1333133331333331131311131311111131111313311111113311331111333
00397190 2331311133133311131133313331333
00398360 1331133333331331133113111311311131113313311133113313311113113
00398360 2313311111331311111113311331133
00399210 1331133133333331333111113313311131311333313131133313331133131
00399210 2313313133333313111113313331313
00400200 1133113333133113333313133313311331311333331131333313331113331
00400200 2313313313131333111133313311313
00401200 1331313111333331333311111311111131311333313111113113331111331
00401200 2311313133133331113133113331333
00402260 1333313331133331333313133111131111111313113131133311131113313
00402260 2311113113133311133133113311313
00403180 1333333333333311333311133313113131311331331133133313331333333
00403180 2313333111231313133131313131313
00404260 1331113113133331133311131113331131313311311131131313331113313
00404260 2311311113133311113133313311333
00405190 1333133131331331133111313311311131111113311133113313333111113
00405190 2311111331331331133113313331313
00406200 1333133113333131333111111313311331313333331133113311333113133
00406200 2311313111311313111131313331333
00407410 1333311333331113133113133111331131311313113133133313311113331
00407410 2113113131313133111131133313132
00408400 1313111113131311133311133111131111311311113111133113131133313
00408400 2311111133133111133113113313333
00409390 1331113131331331133111113111111131113113313133133313311113133
00409390 2313111111331311111113111331313
00410190 1333133333333131333311131311311331311333111131313313331133333
00410190 2313113113133311111133313331333
00411220 1333133133333331133111113313111131313331311133333313333113133
00411220 2311111111331111111333313331333
00412201 1311133133333131333113113111311131311333311133313313311131331
00412201 2313313111331331111333113331313
00413201 1331333133331331133111113311111131111313111111133113331113133
00413201 2313311111331311111113311331333
00414190 1333113333333333133313331313111131311313133113313113331113311
00414190 2333333131131311131133113311333
00415190 1133113313133331333111113311111133131311311113313113331113113
00415190 2311311131331311111113311311313
00416201 1133113131133111113313113111131111111313113111313313131111333
00416201 2331113331133331111313113311133
00417191 1113313333333131333311133313311311311333113131333313331131331
00417191 2333333311133333131133313331333
00418230 1333133313333131133311133311111331311333331113133111333113313
00418230 2313313131333311131131313331313
00419190 1333131131331131133131113111331131113311111133113313331313133
00419190 2311311311331111113113313331333
00420201 1311133133133331133113313311311131113313111131313313333111133
00420201 2331311133133331113133313313333
00421190 1133313313133133133313133313313311311331133111133313333313311
00421190 2333333131133113331133313311313
00422220 1333113333333133333311133313131131111313113131133313331113333
00422220 2311113133113311133133313331313
00423230 1331131111333331331131111311311133113313311133313313333133133
00423230 2313313311331331111313333331313
00424241 1333131133333333133313333313331331331333133133133313333131313
00424241 2311113331333333313113313331333
00425191 1333131311333333133311131113311131113331311133133313331133133
00425191 2311313113333311131131311331331
00426180 1333133113333331133111131313311131313331311131133313331313311
00426180 2311313111131313111313313331331
00427210 1313113333333133333313133313113311311333133131113313331113131
00427210 2111313113111333131133333311313
00428380 1333333331333131113313133311131131111313111131133313331133131
00428380 2313111133133311111133113331313
00429201 1333333331333311133311133313111331333313111131133113333113333
00429201 2333313133333313133131313333313
00430201 1333131313333331133111333313313131133333331333333313333313333
00430201 2333333331333313333333313331333
00431231 1331131133331331133311113311311131113313311131133313333111333
00431231 2313113111331311111313313331333
00432191 1331131313331331133111133311111313113333331113133113331333333
00432191 2333111331331113133313113331333
00433190 1313133333333131133331113313111331333131131133133311331333331
00433190 2313313113333313111133313331313
00434200 1331113133331313133313113311111111331331133311111311331333131
00434200 2311111113133311111111111311132
00435190 1333133333333131133311113311111131113333311131133311131131331
00435190 2313313113133111111133313331333
00436190 1331113333333131133111133113111331313313111131133313331313133
00436190 2313111331331311111313313331313
00437190 1333333331333331133113113111311131313313113111133313313133333
00437190 2313111113331311111113313111333
00438190 1133133133333311133313131313311311313333311133113313331133113
00438190 2333311131333313331133311331333
00439190 1333313333333131333313133311111131311333113131133313331313131
00439190 2313113131133311111133113331313
00440191 1333311331133133333333133313313133311113113131333113331113333
00440191 2331111133113311113333331311113
00441190 1333333111333133131311133311113131311333111311333133313113331
00441190 2313313331133311113133313331311
00442191 1333133333333131133111133313111131313313311131113313331313333
00442191 2333313113133331111333313311333
00443191 1331133113333331133113113311111131311133113111113313331113133
00443191 2313311311133111111131311331133
00444260 1333133133333333333311131311311331313333331133133313331331313
00444260 2313313133333333113113313331333
00445191 1331311131331331333111313331311133113113311333313313331131333
00445191 2311331313311331111313311133331
00446180 1333133313333331333311131313111331131311113131313311331313313
00446180 2311313133133311311113313311313
00447190 1133133131333331333311113113111131333313111111113333331133331
00447190 2331313131133311111113313331333
00448190 1331133333333331133311133311111331311311313133133113333333313
00448190 2311313113333113131313313331333
00449180 1133131313333333131313333313131331331333333113333331133331333
00449180 2331113333333113133133313311313
00450190 1331133333333131133311111311111131313333111133133311331313113
00450190 2311313311333311113133313331333
00451190 1133133133333333133313133313113331313333333133133313311111311
00451190 2331313131333333331113333313333
00452190 1133113133133131133313133111111311313331133111133313333113331
00452190 2331113133133311131133113311313
00453180 1331133333331331133311113311111311311333311111133113333311331
00453180 2311111133111313131133313331333
00454221 1333113313333133133311113313111131113333113131133313331113313
00454221 2313331111131311113313333311333
00455180 1133333331333331111311331113113131131113111133313311333333331
00455180 2311113311333311133331113331333
00456200 1333133333333333133311133313131331311333131113333313333113333
00456200 2311313131333333131133313331313
00457200 1313333333333113113313133113311131111313113131313313331113333
00457200 2331113133133311131333133331313
00458190 1111131131331331133311113311111131113313311133113313331333133
00458190 2313113311333311111133311131333
00459190 1313133333333131333311133313111331313331311133113313311133333
00459190 2313311133331313131333313331333
00460200 1133133333333313133311131313311131311333311131333313333311313
00460200 2313131113333311111333313311313
00461200 1331331131331131133111313311111131113313311133113313331111133
00461200 2333311313331331211313311331333
00462190 1333331333331133313113113311311133113333113333333313311133333
00462190 2333113333111331331333113313313
00463180 1331133113333131133111113311111131111313311131313313331111133
00463180 2311313111131331113113313331333
00464231 1131113113333311113311133113131331131133333111131313131113111
00464231 2311111331133311331133113311333
00465200 1331133333133331133311111311111131133313311113133311331313113
00465200 2311311111331311111131311331313
00466201 1333133133333133333111133313111131113113311133133313331133331
00466201 2313313113333311113333313331313
00467190 1331133133331333333133111311311111113331111333133313331333113
00467190 2311311131331311111313313331131
00468200 1333133333333133333311131313311331311333131113133313333133331
00468200 2333313331333313131333313333333
00469190 1313131113333331333331113313331331113311331133333313333331313
00469190 2311331333333333113333313333313
00470411 1133333313333333333313133113311131311331111133133313313333333
00470411 2131111131333311131133113331333
00471191 1333133133333331131113111311111131111313331131333313333333133
00471191 2313311111331313111331333331313
00472200 1331133333331331133111311311111131113331311133313313311111313
00472200 2311111131333311111111313331333
00473211 1133113331133311113313131113131111331333113111133313131113131
00473211 2333113131133311131133113311113
00474190 1331133133333131333331133113111131313333313133133113331333133
00474190 2313313131333111111331313131313
00475190 1133313333133331133331113111131311311331133131133313331313331
00475190 2311111111131311113131111311133
00476191 1131113333133311113113133113111311311331113331111113131113311
00476191 2331113131133311113131111311133
00477190 1133131113333331133311133313311331313333111111133313333113311
00477190 2331113111133311331131313311331
00478190 1131133313333333133113113113111111313333313131113313331133333
00478190 2313313113133311111133313331313
00479190 1331333333333131333313133113311131311331331133131311333133313
00479190 2311313131333313131133313331313
00480350 1333133313333331133313111113311131313313331133133313313313313
00480350 2333313133333313131133313331333
00481231 1333133113331111133111111313111133331333311131333113331113333
00481231 2313113333331311131313333331313
00482190 1331133131333331133111333313111331313113331133113313333133333
00482190 2313311133333333111113313331333
00483190 1113333331313331333311133313113331311313111131313113333131313
00483190 2313113333131333111133113313333
00484221 1333113133333131133113113311331131111313111131133313331111113
00484221 2313313111131331111133133311332
00485190 1331133113333131333111131313111131311331311133133313331313333
00485190 2313313133333311111313313331133
00486191 1133111313333133133113133311331311331331133131131313333133333
00486191 2131113313133133131133133311313
00487190 1333133133331131133311113313111131311333311113113311311113133
00487190 2311113131331311111113313331313
00488211 1331133133333331133331113311111131133313311133113313333311133
00488211 2313113111331331133113311331333
00489261 1311333311333311133331113313111131313331113133313311333133133
00489261 2311313111333311113133311331133
00490201 1331133133133311133311133111311331331333313111131311331131331
00490201 2313333133133331133133311313333
00491191 1333113131133331113311113313131131313311111333313313131131113
00491191 2311113113133131111133313331313
00492191 1331331333333331133111113313311131113333311133133313333133333
00492191 2311311311331311311113313331333
00493190 1333133333333131333311133313311131311333311133133313311133331
00493190 2313313113333331111133313331313
00494210 1333333113333333133311133313311331331331331113111111333333331
00494210 2331313131333333131333313331313
00495180 1113333331333133133311333313111133311133113111333313131113331
00495180 2311313133131311111331333331113
00496200 1333133333333333333311333313113331311333313113133313331111313
00496200 2311113113333333131133113331313
00497190 1133333333333131133311133313311111133133111131333313333131133
00497190 2333113133131331131133313331311
00498190 1331333133333331133311111313131111331313111133133313331331133
00498190 2313113133333333131133313331313
00499190 1333133333333333333311131313113131313313111113113313333133331
00499190 2313113111333331111133313331333
00500230 1331331131331131133111111311311313333131133311331131113311331
00500230 2313111111331331111113111131113
00501200 1331133133133331133113113313311131113313113131133313333113133
00501200 2311311113133313111113313331333
00502190 1331133133333331133113113313111331313333333331133311333113133
00502190 2313311131133113111113313331333
00503190 1333133333333331133311333313131331311311311131133313331113133
00503190 2311113133133313113111313111313
00504200 1331133333333131333311113313311331333333331113133313333113131
00504200 2313313133331313131133311331333
00505181 1331133133333131333111113111131131131313313333113311331333113
00505181 2313111133331311113113311331133
00506191 1311313133333333331113133313311333313313113111331313131113333
00506191 2333313133133313111133313313313
00507190 1331133113333331133313111311311331111333111111133313333111311
00507190 2311313133133313133133313311333
00508190 1131333133333131333313113313311131313333111131133311331113313
00508190 2313313131133311113113313331333
00509200 1331113131331333133313113311111111333313113131133313331131333
00509200 2313311313333331111333111331333
00510191 1333313133333131133113333111111331111133113131333313331113333
00510191 2311111113133313111113333333313
00511190 1333133333331131113311133311133131111313313133113313333111313
00511190 2331311313331331111133313331333
00512191 1331311331133311111133133113311333313133113111131311333311331
00512191 2331313111133133333333333313333
00513201 1331133131331131133131133311111131113313311113113313331131333
00513201 2333311133311331131113313331133
00514190 1331133333333131333313113311111131113313111111113313331311133
00514190 2313311131131311111133313311333
00515191 1333133133333133333311133313111131313313311131333333333133333
00515191 2313113133133331131313313331313
00516211 1311313111133131331113313311311131113113111333113313331113133
00516211 2313313113311311111313313311311
00517191 1333113331133331333311333313111333311313111313313313333113333
00517191 2331313333333313133333313311333
00518190 1133113313333313133313113111111131111133311111313313331113333
00518190 2311113113133333131133313331313
00519200 1131113333313133133313133111131111331311111111113313111113113
00519200 2311111111133311111133313331311
00520251 1133313333333111311333111111111311311333113131131113131113321
00520251 2311113311133331131133313311313
00521190 1333313331333133333111133311313131111313313131113313331111331
00521190 2333333333133331131113313313313
00522250 1133113333333313333313133313111111311313113131133113333113313
00522250 2311313311133313131133313311313
00523201 1333333133333133333111113311313133111313311133333313333331133
00523201 2333311113313331111333331333311
00524190 1133333333133133331313133313331311311333131133133313133313331
00524190 2333333133333333131133313311313
00525190 1331331311333333133311133313311133333333311133133313333131133
00525190 2113313333333333111133313331133
00526190 1333133313333133131311133313111331311313113131113313311313131
00526190 2313131331133311131133113131333
00527180 1333311333133133333313133313113313313313333111113313333111311
00527180 2313133331313331333333333333133
00528200 1333113333333131133111313311111331311313311113113113331111331
00528200 2333113133331331111113113331313
00529190 1333113131333131131113113311311331311113113131111313331113333
00529190 2311311113331313111113111331333
00530190 1333333313333111133313133113311331311333113331333313133313331
00530190 2331133331133313131133113313313
00531200 1333313133133311113313133113131311311133133331111113131113131
00531200 2311311113133313131131113311333
00532201 1133113331133113313313133111331111111233113131113131113313311
00532201 2313111333133311133111111311313
00533200 1311131133331131133111313311311131113313311133313313331131133
00533200 2311311111331331111113311331313
00534180 1333133313333331133311131311111131313333311133133313331113313
00534180 2311311111333311111133313331333
00535191 1133133133333331333111133113111133111333313131133313331113331
00535191 2333313133131331111313113331333
00536200 1333133133333311313113113111131111111313113131333313133133113
00536200 2311313111133311333133113311333
00537180 1333133313133333113313131113131311311331131131133313133333313
00537180 2333113131133333131133113311333
00538191 1331133333333131133311133311111131313333311111313313331113133
00538191 2311311113131331133131313131313
00539201 1333133133331331133331311311111131133311311113133313331331133
00539201 2313311313331331311333311331333
00540201 1331113133333331133113113111111131133311111131113311311113133
00540201 2311111111131111111113313331133
00541190 1333133313333331133311113313311131333333311133313311331113133
00541190 2311311113331311311333313331333
00542190 1333333333331331333111113111311131313333111133113311331113311
00542190 2313113113333311111113113333313
00543220 1333133333333331133311113311311331111313311131113313333113333
00543220 2313313113133311111333313331333
00544190 1333133333133133333311133313311331311313133131113313331113331
00544190 2311313111333313113333113331313
00545211 1313313333331131333111313311313131311313111133133313331313333
00545211 2313313313331311111333333333313
00546201 1331333131333131133111113313311133113333311333133313311113331
00546201 2313313133333331111313313331333
00547180 1331133311333331131311133313111311113311111313311313331331113
00547180 2331111333331333131133313331333
