CANADA 101 ITEMS
10102N
11701151
001003
(I5,I2,I1,1X,I1,70I1)
(I5,I2,I1,1X,I1,70I1)
    1350 1133133333333313133131113331331131113133333331113311133133331
    1350 231331333111311331333131113113131131313131
    2250 1331113333333133133131113331331131333113333331113331333133333
    2250 211133131331313313333333111113333133313333
    3240 1313133331331111133331113331131111313113133331133311131133311
    3240 213313331331311331313113113133333133113131
    4261 1333333131333133113331113331331113311133133313133331333113311
    4261 233333331331133333313113113131333133313131
    5190 1111333333333133133333111331331133313113333333113333333131333
    5190 213333331331331113333111111113313113313131
    6400 1133133133331113333331113331131131313313333331113331333133311
    6400 231331331331113133313333113113333133313331
    7241 1313331131333133313331131311113113331133131311113333133133333
    7241 213111331331131333313313313113333133311111
    8560 1333313331133113333331313311313131313313133331313311333131333
    8560 231311131331313313333133311133331113133131
    9430 1333313333333311133331313311331133313113313331313311133133333
    9430 211331131333113311333133113113331133313131
   10460 1333113333131313133131313311331131313113331331313311131111333
   10460 231331113131333311333131313333131133113331
   11460 1333313333333311333331313311113111313113133311313311131133331
   11460 211313331131131331333313311113131131113131
   12281 1131113133333333311131111331113313111133331311111331133131311
   12281 233313331311131131313333111133333133333331
   13231 1131133131331333133111111331131111311133133313113131133113333
   13231 211113331131113313113113111111333131311131
   14300 1333133333331133113131111331131113311333113311113313133131331
   14300 233133131331333131313311311111133133313331
   15341 1331113133331113133333113331331113313133111311311331133313311
   15341 233333331311131133313111111113133333313331
   16230 1313313333133333333131313331333111113313131331313311133133333
   16230 211333333331113333333133333133333133113131
   17261 1333113333133333131311313311313311313133333313313131131113131
   17261 231333131333111333313313313113131133113331
   18210 1113113333333333313331333331331133313113333331113111333133333
   18210 213333311331313333333333113133333133313331
   19181 1313133333313133113131333331331311313133133331113333131113331
   19181 233113331331333133333133111131333133311111
   20201 1133331133333333133331133311331313113133333313313311333133331
   20201 213333331331331333313113313113311133113331
   21310 1333113333331113313131113311131111313133331311113311333133331
   21310 213333133331313133313113113113133133313131
   22241 1333331311133113333131313331333131113111331111133111133133333
   22241 211131133333113333333133313113313133113331
   23381 1313311333333113131331313311133113311113131311313311133133131
   23381 213133331331131111313313111113131133313131
   24251 1133133313333313133331111331331131113113333331113311331333333
   24251 211131131131111333333333311111333133313131
   25321 1331113133331133113111111331133113311133133311113331133133311
   25321 213313331311113133313113111111333113313331
   26220 1331313133133311313311311311131111113113133311313311333111331
   26220 231331131131131113331111111111331131313131
   27240 1313133333333111133131333331333131113113131113113311133133331
   27240 211313333331311111333133313113333133313131
   28400 1131113133133133111131311331113111311313131311113111131113131
   28400 213313331311113113313111111113131131313333
   29380 1311133331333113133311311311133111313113133311113331133113331
   29380 231313331331113113333113311111333113313331
   30350 1313331111333313333331113331131111313113331311113331331133333
   30350 231333333331333333333111311113133133313131
   31250 1333113333333311133331333311311111111313331311313311131133333
   31250 213131131311311133333131111313133133113331
   32251 1333113333113331313333313331313113113113133313311311133133133
   32251 211333333311131333333133311113131133113311
   33181 1331333331333133333331111331311113313133313311113331333111333
   33181 213313331331311113333111313111331133313331
   34270 1313131333333313113311111331131131313133133311111333133113311
   34270 213313331331113333313111111111333133313331
   35210 1333313311333331113111313331131113313131313311313311131113331
   35210 211331131131133331331131313313313133333331
   36231 1333313133331133133131111331131311313113331313311313333113331
   36231 211133331331111131313113111133131133313131
   37230 1313113313333113113131313311331111113113331331333111331133333
   37230 233331333131333313333111313113331133113131
   38320 1333333333133113133131113311331133313133133311113311333133333
   38320 231313333311311331333131313113131133313131
   39440 1133333131333133133331113331331113113113331313313311333133331
   39440 213333333331331131333131113113133133113331
   40260 1333113133133313133333311331331113313113133311313111131133331
   40260 231313331131311111113311111113131133113131
   41251 1113333131333133133331111331131131333113331331113331133133333
   41251 231333331331111333333333113133333133313131
   42181 1331333133331133133313113331131131311133133311111331333133313
   42181 211313331331113133313311111331313133313331
   43180 1331333333331113133331111311131133313113133311111331133113311
   43180 233313331131111113313111111111133133313131
   44500 1131131133331111113333311131111113311333133311111311133111311
   44500 213311331111131313313111311113133133311331
   45260 1333133333333313113313111131311113111113113311311311133133331
   45260 211331331131131333333113133333133133331331
   46201 1131313133331133333311111331131111311133133111313333133113311
   46201 213333331331311333133111311111333133313131
   47211 1331113333133311133311113131131113311113133311313311331133333
   47211 231331131311311133313311313313131133133333
   48221 1333113113333133133111111331131113311113131311111311133133333
   48221 231313331331111133333113111133331133113131
   49180 1333133313333133133131113331331133113113331331113131133133331
   49180 213313131131331111333331113113333133313133
   50221 1333313131333333113111111331131113311113133311111333333113311
   50221 231311331331113113313111311111333113311331
   51191 1133333311333133133111313331131113331113333313111331333113331
   51191 233333133331111111111331133311313311111311
   52281 1331133131331333111311131331111333311333133311311331333113131
   52281 233313331311111333313133311311131131311311
   53281 1331133333333113313131131331333131113113131331113311131133331
   53281 213333331131113333333131111113133133313331
   54281 1313133133333313313131113331131131313113333311113331333133331
   54281 233313313331313131333331313113333333313323
   55211 1313111333313311131131113331333131113331331111111113331113133
   55211 211333331333331313311111313113131333131333
   56291 1331113113111313113313113333131133333313331113313131133131331
   56291 233333133333133313333113113313111113333333
   57241 1131131113331333113313311131313113311333113331311333113111311
   57241 231311331111131313313111111331113111331331
   58290 1333113333333333313113313331311133313113113131113311133113331
   58290 211333331311311331333333311311333133333333
   59290 1133113313133111111131313311113111313113311311313311331133131
   59290 213333133311311111333113313113111133113333
   60191 1133113113133331311311313331313131313113133131311313133133333
   60191 211113333331113133113333131111333331133313
   61191 1131313131313133333333133331133131131113131333313313331131333
   61191 213133333311311331113133133133333133313131
   62300 1333113333133313333131313331311331113133111331313111333133333
   62300 211331331133131111333131333313333133113333
   63201 1333131313333133313331131331131113313113313311313333333133331
   63201 231333331331131133333111111131333133313131
   64371 1333113113333133113331133311331111313113133311113333133113331
   64371 211333331331133133313133311113333333313333
   65240 1131111113333311133133311131113111113313111311113111111131131
   65240 231331331111111111333113313111131113111331
   66191 1333313331333313133131313331131111313333331131113331333133313
   66191 231331131333333333333333113113133133313131
   67211 1333133333333313133333111331111131313113113331111331131113331
   67211 213333331331331113313111311313133131313111
   68181 1333113133333333113311333331311113313313133311111111333131331
   68181 231333331111331111333111311313331133113331
   69230 1333333331331113333131313331331131313113333331313311311113333
   69230 211333333333333131333333313133333133313133
   70211 1333133133333133133331133311331111313113133313113331133133331
   70211 213333331313313133333133111113111133313131
   71181 1113313331131133131113311331111111131113131113313313133133131
   71181 211313333313313331313113133133331133133133
   72191 1131313131333333113331111331131113331113133331311311133333331
   72191 231313331331331131313113113111333113313331
   73321 1333111313333311113331313131311113113113313311313311113113311
   73321 211333333133133313333111333131333333131313
   74270 1333331333331133113311133331131131311113111331333333331133131
   74270 231313331331111131313133111111331133313133
   75191 1133313133333133113111111331111111311313133311113311333111331
   75191 231311331331333113313113311113333113313331
   76210 1133113333133133333131313311331313313133333311113311333133333
   76210 211333131131331111333113311113311133313331
   77181 1333133333333111333311113331331311333133333311113311333133331
   77181 213333331331311111333111311313333133313131
   78231 1333133313313333113111133331111113311133133311111311133131331
   78231 211131331131131311311313111331333133313311
   79181 1133311133313313333311131331131331313113133333131133333113333
   79181 233333331313331133311133313111333333113112
   80191 1133311333133333113133113311113113113111311313311331133133331
   80191 211113133113133111313111333133131133113331
   81191 1113133333333123313331333111333333113113333133133333333333133
   81191 211333333313333333333133333133111133133312
   82200 1131113313133331113313313111333113311133311311311111331111131
   82200 231311131111333111331111311311131113111131
   83200 1331133333331313133111111111131111311133133311313331333113333
   83200 211111331331311113313111113111333133313331
   84201 1331131313331133133111111331111111311133133311121333333113331
   84201 213333333131331133313113313131333333313313
   85271 1331331133333333333131111311111111311113133311113311313133331
   85271 213331331331311333313133113113313133313131
   86221 1333113333333113133331313131111113333313311333311311333133331
   86221 211133333331111131333331311113111133313131
   87181 1331331131331333133113131331131113331133133321112133133313331
   87181 211113331311131133123313111111333313313331
   88181 1333333133333133333111133331131313311133133313111331133133331
   88181 233113331331311113331113311111133313313333
   89180 1313133313333313313131113131131113311133331331113331133131331
   89180 211313331331131333313131311111333133331133
   90200 1331131311333313133331111131131113311133133311111331113133331
   90200 211311331131131113313111311113313133313333
   91191 1333313133333133313331333331331131313113133333313311313131333
   91191 211133331311313133333113133113131133113131
   92271 1331331113111333133311133331331311313111133313133313133133311
   92271 233333333311131133333311131111333311331113
   93221 1333131133331333133111131311131111311113133311111331333113311
   93221 231313331311111113313111131111333113313331
   94190 1311113331133333113331333331331131313133331311313311333133331
   94190 211311331111331331333131113133133113113331
   95190 1133113333333113133331113131111113313113131311113311333133331
   95190 211333131111331331313111113111333133313313
   96181 1333313131333113133133113311131111331113131313311331333133331
   96181 231333331331133133333113111131133133313311
   97211 1333113333333333113331113331331113313133333313113331133133331
   97211 231313331311313333333111111131331333313133
   98201 1313333131333133333131133331331113313133333313111333333133331
   98201 213133331131313333313113113113133333313331
   99180 1133333333333113313311113331331111311113131331113313333133331
   99180 211331133311331133333131111133131133313131
  100321 1333131331331113113131311331131111313133133313113331333333331
  100321 233333331331331333313113111131113133313333
  101230 1131111133133111331331131331133113313133111311333331133131331
  101230 211333331111131131313111111113131133313133
  102170 1313113313333333113111113131311111311133333331113331133133311
  102170 231333331131331313333311111311333133113133
  103201 1333133113333333113313113131311113311133113311111131313113331
  103201 233313333131133113313111111313313111313331
  104190 1333311111133331113133133111313111113313311113311311113111311
  104190 211311131111131131333311111111331131333333
  105251 1313133313333333313131113331333331313113313331313131333111331
  105251 233333333111333313333113313313333133313333
  106190 1331313333133111133331311311313131113113331331313311333111333
  106190 211311131311131111333333311113131133113111
  107180 1333311133331313133131133333131111331133331311313313133131311
  107180 211313331331313133313113111131333133113131
  108180 1333113113331333113331311331111113311113113311111311333131331
  108180 231331331111131113313111311111313113113331
  109191 1333333333333133333311313331331111331133133313131333333133331
  109191 211333331331113133313313111131333133313111
  110191 1333133133333313333311313331311133313113311313113331333133333
  110191 233333331131331133333111111331113133313331
  111181 1333333333333133133311113331331113313133133113113331333133331
  111181 211333333333333333133111111133333133313331
  112360 1331131133331333133331311131111113111133133313313111131113311
  112360 231311331111133111313311313113331131313333
  113231 1131113133131311113111313331131111133313131311313311111133311
  113231 213333331331131111313311311313133133133333
  114231 1111331131333331331331333311333331133313311331313313331131113
  114231 231333333313331331333333133133111133133113
  115210 1131113313133113113133113111113113313133133111113311333133311
  115210 211331133111131131313311331111131133113333
  116180 1333313333333133331331133331331333313113331333313331331133133
  116180 231331333331333313333131313133331333113333
  117190 1333113333333333131311133131131113311113113311111131333133331
  117190 233333331331333113313111311313333133313331
  118201 1333131133331133113311131331131111313133133131113333333133311
  118201 233333331333113133313133111131333133311133
  119280 1311133113333313113331131331331113313113333311113333133133331
  119280 233311331331331333333311111113333133313331
  120211 1331111331333333133311111331331111311113333311311311133111331
  120211 211113331331131111313311111111333133113113
  121241 1332133333232333113131233331111111311113131313111331133111331
  121241 213333331331131133313333211113333133133133
  122211 1333133333233233333311133331331111311113133313111331133133333
  122211 213333331331133133333111313111333133233133
  123231 1333133331333133333331133331331331131131331313131333333133331
  123231 211133331333311333333113333133333133333133
  124190 1131113333333133113131131331131113111113111111113311133133331
  124190 231111331331113131313311111131333133113133
  125241 1131133113333333113333111133331113311333113311111231113131312
  125241 233311331131133133311111311311313111333331
  126211 1333113331331133331133133331331111333133311313333333333133333
  126211 211313131333311333313113111313133333313313
  127211 1131111131333113133313131331131111311133131313133333133133331
  127211 211331331311311333313113113133333333313133
  128211 1133331333331133331111133331131111131133131313113333133133331
  128211 213133331331311133313313111131331333311333
  129181 1333313313333113131313113331331111331133131313133333333133331
  129181 213333131131313333333111111131331333313313
  130191 1333331333333133313331113131331133333113331331113331333133333
  130191 213333331333311113333331113133333333313333
  131231 1331111331333111113331113111133131111313111331311331133111331
  131231 213111331131131113333111311313133331113131
  132191 1333313113313331133311313131331131333133331313333131333133333
  132191 211333333131113313333331113133333133333131
  133191 1333113133333113313331333311331131333113331331313331333131333
  133191 211313331331331333333331113133333333313133
  134200 1331133113333113113131131331113113311113113111111311333111331
  134200 211133131311331313333111131111133133313331
  135231 1333131131331333133313111331131111311113111311113131333133331
  135231 213313331131111133333113111313133133313133
  136220 1133133333333133133131313333131131313113131311113331333133331
  136220 211333331331313313333131113113333133133131
  137200 1313133311333313333331113331331131313113333311111331333133333
  137200 213333331311331133333131113133333133313131
  138200 1333133331333113333131113331331113313133333331113331333133333
  138200 213333331331331133333131113113333333313131
  139321 1331313113333311313131311131113133113313311311311111331113331
  139321 213311331331311311313111311133131133313333
  140190 1333333333333133333111133331131111331133333313113333333133331
  140190 213333331333113133313111111131333133313133
  141201 1311333131331333113111131331131111331133133313113333333113331
  141201 211313331331333133313311111331333333331131
  142201 1333131131333333133111111331131113331333133311113331333111331
  142201 211333331331333333313111113313333133313113
  143220 1333133331331333113231123131332113111123133313113331333133331
  143220 233331331331213333313131313113312133313333
  144240 1333113333333333113131113111331133113313333311311331333131331
  144240 231331331331111333313131111113331133313333
  145191 1331111331331133133111111331131111331133133313131333331131311
  145191 211313331331131333113313111131333333311112
  146220 1133111333333113331333311311111131113113331311313111111113133
  146220 213331133111313311333131313133131113133113
  147190 1313111313331111331133313333311131331333131311313311133113131
  147190 211111333111331333333313313113133133333111
  148210 1131311313133331133313311131311133111133331311313333331133133
  148210 233333331331333311333313311113331133133333
  149161 1133131133333113333131333331311311113133331333313313133133113
  149161 213333331313311331113133313113331333333133
  150241 1311333133333133133111333131331131133113133311311313133311133
  150241 213133333311311113313133113131313333313131
  151241 1333133331333133133331333311331331113131331333313313331133131
  151241 211133133331311131333313113113333333133131
  152221 1333333131333113113313111331111111311333233333113331333133331
  152221 213313331311111133313113111331133133313331
  153201 1331311331333133331331313331311111313131131313313331133133232
  153201 211333331311331333333113113133132233313333
  154221 1331133313331333111131111131311313333333333311111333333131331
  154221 233333331333333313313113311311333313313331
  155211 1133113133131133111331311331111113313313311311311331331131131
  155211 213311331311311133313111311313131333313331
  156171 1331113333333133133111331331131111331131133313133333333131331
  156171 213113131311311331133111313331333333333133
  157201 1133131133331333133133111331131113331133331311111331333133331
  157201 211333333111333333333313113311333133313333
  158201 1331131131333133133311131131131113333131131313133313333113311
  158201 213113331311113133113113111131333333333111
  159241 1333331133113133133311131131131311333133331313113313331133333
  159241 233333331313133133333113111131331133133133
  160231 1333333333333333333333333333333313133331333333133333133333333
  160231 213333333333333333333333331333333333333333
  161201 1313131111333311133111313311333333133331333333331313133333333
  161201 231333333333313333333331333333333133333333
  162201 1333113333333133331131313331331133333313331331113333333133333
  162201 231333131331333331333131133131133133333331
  163181 1333113133333133133111311331311111311133331313311311133133331
  163181 213313331311113133313313111311131133313123
  164201 1313113313333131113131333131333133113313331331313111333331333
  164201 211333133133331331333333113113333133113331
  165221 1311311111131131133311311131333113313113113111311111313113331
  165221 231133133313111111113111133311111111131333
  166180 1133133333331133113131111131133113113133113311113111133133311
  166180 213111131131331111313311113113333113311331
  167200 1311113133333313133331113131111113313313331331311313333133331
  167200 231313331131331113333111331113133133313331
  168191 1131333333113131113131333311313331313113331333313313333333131
  168191 213133133331313331133133313133131133313331
  169250 1333113333133333113133111131113133313131333331311133313313333
  169250 231131331131131313313331133113333131131331
  170200 1333133313333311113331313331131113313133131311313311331131333
  170200 213333131331331111333113313113133133133131
  171210 1331331133333313113333111331131313313333313311113331333131331
  171210 233313331331311113133111311313333133313331
  172201 1333131113331133113111313311111113311113131311311133131113311
  172201 231131131131113113313113111131131133313131
  173261 1333131113313133133111311331331111311113131313111333133333311
  173261 211333331311131113333111111113313113313311
  174201 1133133131333333113321111331331133313113113313113333133312331
  174201 211133331131313133313311113113333133311331
  175201 1333111333333331311331111331131111331331333131131331133313131
  175201 213333331311131333333213113131131333313331
  176271 1331333133333313113311111331133113311133111311113311133133331
  176271 211313131311133133333111311311333113313311
  177231 1331311131333133133111311331133113311133131313113313333113331
  177231 211313331311311133313113111113333133313133
  178201 1133333333313322331311313311331123312113111111111311133133311
  178201 211133133131111131311111113113131133313331
  179190 1333133333333313333131113331311131313133333333113331331133331
  179190 213333331331333133333133113113133133313331
  180180 1313133333331313133311313311131131313113331331113313133113313
  180180 211133333331311311313333313113133133313131
  181190 1333333313333333113131113331111113311123113311113331333133331
  181190 213313331111321133313113111311313133313331
  182190 1331313333333313113331111331111113311333333311113311333112331
  182190 213313331131131112311111111133113133313331
  183210 1333133333333311133111313331133311313113131311313331133133333
  183210 213331331331133313333133311113133133313331
  184190 1331133133333333133331111331131111311333133313113331133133313
  184190 213331331111333133313111111311133131313331
  185200 1333333333333313333331313331333113313313311311113331333131333
  185200 233331131331133311333133113113133133313331
  186190 1333333333333133333331113311331111313133333313113331333133333
  186190 233333331331333113333113313131333133313311
  187200 1111113333333313113311311111131111311333311311113313333111331
  187200 211311131131331131311111111111133133113131
  188190 1333333333333133333331113331331331313133133333113331333133331
  188190 213333331331313313333133313113331133313133
  189190 1333113313333113333331313331333133313313331333313311331331333
  189190 213333131111331111331331311113133133113311
  190190 1333113333333313333131313131331331313113333313313311331131333
  190190 213333333311311111333113313113131133333131
  191190 1313133333333133133311113331131111313133313311113311333133313
  191190 211333331331313333313313113313333133313331
  192200 1333133113333313313331313311331133313313313311313131133131333
  192200 231311331131311133331131311113313133313331
  193200 1333333133333333133111113311331131313133333311113331133331331
  193200 213333331333133313333133313133333333333131
  194210 1333333333333133133331113131311111313113331311113311133133331
  194210 231333131331331111331111311113133133113131
  195180 1331133133333333113331113131131113313133313311113331333133331
  195180 211333331311331333333113113311333133313331
  196200 1331333131133311333331111331133113313133331311313311131131131
  196200 211313131331113311313111311133331133313131
  197210 1133113333331133133331313331111111111331133313113311333133331
  197210 211333131311113133313313113133333133113331
  198200 1331133333333313133331211311331133313313131331113313133131333
  198200 231331131331333111333131111113131133313333
  199190 1331113133333333113131313311331133113113311331313311333113333
  199190 233331133331333311333131313313311133313131
  200190 1333313333333113331331313311333331313113331333313311333133113
  200190 231133133333311331133333113113133133113131
  201180 1333113333133331113331313311331113313313311311313331333111331
  201180 211331331131131313313111313311113113313131
  202200 1133133333333133133331111331311113313133133311113311133133331
  202200 213113331331331313333311111113333133311331
  203190 1313113333333113133331313111111131313113333311113113331133331
  203190 211331131111111131333113113313131133313331
  204190 1333131333133311331331313331133111313113131313311313133111131
  204190 213131131331311111313333311113131133113131
  205240 1331133133333333113133113131311113313133113313113333333133331
  205240 233131331131311333333311311313333133313331
  206190 1313133313333113113131113131111131313113111331113311133133331
  206190 211333333133311113333131113133133133313331
  207190 1133133333333313133331113331311113313133333311113311133131331
  207190 211331133331311133333111113313113133313131
  208190 1333113331333113113331313131312111313113333313313311333131333
  208190 211331131331331311333313313133132133313131
  209180 1333133333331333133331313331113131313113311311313311133133331
  209180 211331131331311331333311111113331133313131
  210280 1333333133333333133331313331131111311113131311113311133133131
  210280 211313331311313111333113111113333133113312
  211200 1331133333333313333131113331311113313113133313113311333133331
  211200 233333131331313113333111333113333133313131
  212240 1313133331333311133131313311331113113113331333213311333133133
  212240 211313331111311311333113113113131133311333
  213190 1331133333333333113331313111311113311113133311113331333133333
  213190 211331131131311333333113111313333133313131
  214190 1333133133313333133331111331331133313333313333113331333113331
  214190 231313331311331113333111311313133113313311
  215260 1331133333333313333331113331111113311333133311113331133133331
  215260 213311331131111113313111113113313133313131
  216180 1131133113333313113331113331331133333333313331111111331113313
  216180 211311331111333113333311333313133133313331
  217220 1333113333133133313331133331131331313113331311313311333133331
  217220 231333133331131113313111311111333133113133
  218190 1133133313331133313311113331131113311133133311111331333133313
  218190 233331331331113313133111311331333333333131
  219210 1333133333333311113131313131311113313113113313113313133333331
  219210 231331131311331311313131111111313133113331
  220190 1331133131333333133131111313113113313313133311113331133133331
  220190 213133331331331133313313111113133133313331
  221210 1331113331333333133333311331131113311333331311313311333111331
  221210 231313131111331123333131111313331133313331
  222190 1133113313333113313331111331311133313113313111113331333133333
  222190 213131331111331311333313311113113133113331
  223180 1133333331333313313331313311131131313133133311113311133133331
  223180 213133131131331111333111111133133133313111
  224190 1333313313333113113131311311131113313333113311313311133131333
  224190 211331331111131311311111111313311133311331
  225320 1333113333333313333331113131331133313113313311113311331133333
  225320 211133331311333313333133313113333133113331
  226190 1131133333333133313131313331331111333113333313113311333131333
  226190 213333333311311311333113311113113133313131
  227210 1133133333133333113311111331111113311133113313113333133113311
  227210 213111331331311113311111111113133133313131
  228190 1131313333333313131131113311311131313113331313313111133131133
  228190 211133131331331331333311113113333133113331
  229190 1131133333133311133331311131311111311133131311313311133131333
  229190 211331131311331111333311111313133133111131
  230240 1331111133333133113331311331111133311133133311313331133113311
  230240 211311331111131313311111111111133133313131
  231190 1133133113333113133331113331131113313113333311113131333133331
  231190 211331331131333113333131111113331133313331
  232190 1333133333333333113131133331131111313133133313113331133113311
  232190 211333133331331333311133311313333133313333
  233220 1131113133331313113131131331111113313133113311111311333133333
  233220 211331131131331111333113111313133113313331
  234230 1333133313333333133131133331131111311333313311113311333111311
  234230 231313331311131133313111111113333133313331
  235210 1333133133333133133331111331111113311133113311113311133133331
  235210 211113131331311311313111113333133133313331
  236190 1333333313333113113331313331111133313133333311113331333133333
  236190 231333131131331113333113131313133131313331
  237300 1331113133333313113331113331311113313313313311313311131133331
  237300 231331131111331111331131313313111133313333
  238190 1333133333333333133311131331311113313133133313113333133133311
  238190 213113333331313313311311113111333133311333
  239190 1331113133133113133311113331111113313113311313311311133133331
  239190 211333131131131111313111111111331133113131
  240190 1311333333333313133331113331131113313133313311113331333131333
  240190 211333331331333113333133111113133133313131
  241190 1333313133133311333133313331311333113113333333113311333133331
  241190 211333133131331331313133113333313133313331
  242200 1333113333333131133131313311331111313113133331313311333133333
  242200 211333131311133311333133311113131133313331
  243190 1333333331333133133131113331331111313133333313113133133133333
  243190 213133331331111333313313113131333133313131
  244230 1331331133333333133131111331311131311131313113111131313113313
  244230 233313331331111133131311113111133133331131
  245191 1333133313333333131311111311131132313333313311113131133311331
  245191 233313131131331333311113113311333113313131
  246190 1333133333333333113331313331331131313113333311113311333133333
  246190 233333131111113113333333313313333133133331
  247190 1133133313331133133311113331311131311333333113111331313131333
  247190 211313331131311313333113113311313133313331
  248180 1111113313133333133331111311333133313313111131311111311331133
  248180 231111111313131331311133133311131131133311
  249200 1333331113333331133311111331313111313133333113113131113113333
  249200 211131333331311333333111313311313133313131
  250180 1333133131331313133311133113131313311131131311313333133113313
  250180 213311313331313133131311311113313331331311
  251180 1331333313331113133331113331331113311113113113111331133133333
  251180 233313311111311133333113311313133113311131
  252200 1313311313331133111131313331313111311133311311313131333133333
  252200 211131311111331133331113113333113133133331
  253180 1311333313131113111131333131331313113131333113333331331313333
  253180 231111313311313313331313313331333111113331
  254180 1331133133331311133311111131131131311133111311113331113133333
  254180 233313331331331113311113311111133133311131
  255211 1311333333331133133111111331331111311133113113113331333133333
  255211 213313313331131133333113131113133133313131
  256190 1111333313133331133111311111113333311111113111331331113313313
  256190 233311133331131333313113113111333133311131
  257190 1311133133333133113311111131131131111131133113113333113331333
  257190 231133331131111131311111311111333111311331
  258180 1331313313331133131311113111113311311113131313131133133133331
  258180 231333331131111113313113111111133113111131
  259190 1331333331333333133331113331311311313133133311113331333113333
  259190 233313333331131333311113311111133113311131
  260211 1333131133333131131311111331313111313131111311113131333133131
  260211 233333131333311113313113311111133113111131
  261230 1131333333131133133331111331111311313133113313131331333133331
  261230 233313311331111333311113131111333113331131
  262221 1333333313331133133331113131331111311133313111113331333313331
  262221 233313333331331133331113113131133133311131
  263191 1111113333333113131331311311113331311313111211311311133333333
  263191 231333331111131133311111311311131113113131
  264201 1131313133133133133331111331133313311133333111331333313133133
  264201 213313311331131131333111111333333111313131
  265221 1311133133331133133311113331131111111331313113111311133133111
  265221 211313133313111131333113113113131113111131
  266201 1331333131331133133312133331311111113131131311333333113333331
  266201 233313331131111313113113113131313133311131
  267181 1131333113333133113311113111311311113133113113113111313133331
  267181 233331133131113113331313311311113113311331
  268221 1331133113333331111311111131111131311133113111131133313133331
  268221 233131131131111113311313313311113131311331
  269220 1313331313113331311331313331331133113311311333313311311131133
  269220 211333133311331331333133113113331133113131
  270230 1131113113331311131311111131111313311133113113113131111313333
  270230 213311331131111113311313311311113113311331
  271200 1311113113333131133311311331131331311133131113113131133113113
  271200 233333331131131133313113113111333113311331
  272190 1311113313331133113311113331331311311133333113113331313313333
  272190 213313133331131133313113111113133133311131
  273181 1331311133333331133111113331311131111131333313131331313313333
  273181 211333311331311333333113311313333113311131
  274240 1131313331133111133311313331113111111133331313313311311133333
  274240 211311333331111333333113113313333111311131
  275180 1331313333333111133331311331311331311113313111111331133113313
  275180 231313333331131313313113111111313133331131
  276180 1331333331333313133131133331311133313131333111113331333313333
  276180 233333331331131133333113113113133113313131
  277181 1133313313333131111331313131333131313113313112131311313313333
  277181 231333333311331333331113313111133133111131
  278231 1331333113331333113311111131131331311133111313111131113113333
  278231 211313131131111113311113131311333111311131
  279221 1131131133331333133111111131111113111131113311113131133313333
  279221 233311331331131113313113131111133111311131
  280180 1131313333333313133311131331311113311133313111113311333133333
  280180 233313331331131113313113311111333133311131
  281190 1131333333333113133331111111333133311133311311133333331113333
  281190 213333313331311133333313313111333133311131
  282210 1333323333333313133331113331311132311133333311111331313133313
  282210 213331333331311333333113113313133133313131
  283190 1133113333133331131331313311313133313113311331311311331133113
  283190 211331133311311331331131313113111131113131
  284180 1131333113133133133311111311331311313133333312113331333133133
  284180 213331113331331133333111113131333113311131
  285190 1133313333333331131331313311311131113113313311313311313113133
  285190 213331133331311333333113113313333133113131
  286180 1131313113333113133311113311311131311133313113113131313133333
  286180 213113333331111333331113313113113133311131
  287180 1133333333333113131331113311331111113111133311113331113113313
  287180 213333333331323333133111313113113133311131
  288181 1333333133333313131131111111311131311133313311131131313133113
  288181 213333333131311333333111313313133113333331
  289201 1331333133131133111331111331131333311133333113111331313113311
  289201 213311313331321113333313113131133131311131
  290191 1131313133331133133331111111131333311133113113131333333133333
  290191 213133331331311133131113113133331113111131
  291191 1333133133133133133311113311311133313131113113113111131313333
  291191 233313331111131133331113313311133113313131
  292181 1133313333133333111311113131313331313113311313113111313113133
  292181 233333113131311333333111311111111113311131
  293181 1131311113333131131311311311111131111131111213111133311313331
  293181 231331331311131133331111311111311133311131
  294211 1131333133333333131311111331311313313133333311311331313313333
  294211 213331131131331333331313113111311113111131
  295181 1131313133331131131311311111111112311111111113311311111113131
  295181 211313131311131111313111311111131113111131
  296181 1131333133131333133311111311111333311133133111333131133113333
  296181 213311331331121133333113311131133113311131
  297211 1331133313331113113333111331111111313113331333113331133111333
  297211 213333331331111333331133111313113133311331
  298190 1131131333133311111131133131111113111313133113311111133113133
  298190 233131131111113113333111113113133113313131
  299181 1331333331311131111331311331311111113333131113311311333113331
  299181 231331331333311113333113113111333133311131
  300181 1331131333331113133311111331111333311333133113111133113133331
  300181 213333311131311133113131131113333111311131
  301220 1331331333313313331311311331111111133313333133311331311311333
  301220 233133331311331333333331133313311113311331
  302221 1331333333331331311331313331333331313313111331313311313113111
  302221 211333333331311313131131113111333313311132
  303230 1131333333133131133331113131331131111113133331113331331133333
  303230 213333333311111313313113113111333113111131
  304190 1331131333331131113131111131131333311333131133131111333333331
  304190 213113331131311333313311111111333133311131
  305200 1331333333333133133311311331331331311333331331313331333333333
  305200 213313113131311333333113113113333133311131
  306200 1331111313333131131333311111331111111331331311113131333111333
  306200 231333133331121113333133311313133113311131
  307180 1331333133333133133311311333313131311333331311113311133133333
  307180 211313333131131113333113313111333133311131
  308190 1131333313333133131331111331313133333113313331313311311133333
  308190 231333133131131333331133313111333131311131
  309221 1111133133133131333313311311113313313331131313313331333113113
  309221 231333111333131131131313133113333313111131
  310191 1331333333331333133331311331113333311333333113133331333321333
  310191 213333313331131113333113113313333113311131
  311211 1331133131331333331311311331331111311333333113113331113133333
  311211 233313331331131133311113311311333113311131
  312240 1133131333133333311331113131313313313313133133313311313133333
  312240 233313113311331333333331313313133131311131
  313181 1333333333333113133331113331311331313133333113133331313313133
  313181 213333313331311333133133113111333131333131
  314190 1331331313131113333331113311131133111333333331311311313113333
  314190 213113333131131333333313311113133133313131
  315190 1111333333131133133111111331311313311333131133131311333321133
  315190 213113333131131333131112233311233113111131
  316180 1131333333133313331331111311313133111133333133113311333113133
  316180 213333133331311333333131133113313133313131
  317170 1131313331131133333311113311311313313133131333133331333113333
  317170 233333133333331333333133313113133133313331
  318201 1331313333131133133313311331313111311113313311331313131311331
  318201 211113111333113113113113113131111313331111
  319180 1331131313333133333313111331311311113313113331113131313111313
  319180 211333333131131113333131111313333133313131
  320190 1333331113333133333111113331333113311311333311113331333333313
  320190 213313331331331133311313311113133113331131
  321241 1313313133131133333131313331311133311113331131133331333113333
  321241 233113133313111333313333111113113133313131
  322180 1333333333331113333313113331111133313133313133111331113133333
  322180 233311331131331331333133111133133113311131
  323180 1311333333331133133311131331311111311333133331111131113131331
  323180 213313311131111133311113313131133131311131
  324181 1131331133333131311311113331111131311133111332313331333113333
  324181 231133133331121333331131111133333133113331
  325190 1131313131131333131313311331113331311313131312333111133313133
  325190 211311331311131133313111311311133113111131
  326180 1133111133333131331331113331311131313111111133311131331131331
  326180 213311133331311313133131113313331133113331
  327191 1331331133333133133311131331131331311133133113113333133113333
  327191 213113311331311133333313113111133113311131
  328181 1331133111333333113331113111311331313133311311313133333113333
  328181 233331333331333313331111313311133133311131
  329180 1131333313331113113311111131311131311133113111113131313133311
  329180 233331331131131313111113111311113113311331
  330190 1133313113131113131311111111111131311133313311113131313133313
  330190 231331333131131113311113313111313131311131
  331180 1333333333333133133311111331131133113333133311113331133133333
  331180 233333333331131133313113113111331133331111
  332180 1331311133333311133311111131111131311133313311113331313133333
  332180 213113333131131333313111111111333133111131
  333190 1133313113331111111331111111311133311113313113113131313313331
  333190 231333331331331313313111311311113133111131
  334180 1333133313333113333331113311311131313333333331313131333131333
  334180 213333133131331333333111313333113133333131
  335181 1331333313131333133311111131311111111113113311113131313133131
  335181 213331131131131133331111311113331113311131
  336181 1333313333131133111331313331333113313313131311113131333113133
  336181 211333331311311333333111313313133133113131
  337181 1331313333331333133331133131311131311133313113111131313133333
  337181 233331333131311333331113111311313113311331
  338200 1133333333133133311331313331311133313133313131113331313133133
  338200 213333133331311333333331113113131133113131
  339200 1333133313331131133111113311111311113133111113313131113331331
  339200 233311331111131113311113111311313111311331
  340180 1113331113333333111131333131313131313131311113311111313313133
  340180 233313113131131313333113313311133113111131
  341180 1313111313333331131331313311311131313113331111311311313133333
  341180 211131133133311311331113113313313131313331
  342180 1313333333331113133311111311331313113313133113113131131131333
  342180 233331133311331113333113111113333133313331
  343191 1131313333333331111331111111313311313133111311113131333133133
  343191 233113133131311133311113311113333113311131
  344191 1131333333133133131331113331131131313133313113111313313113133
  344191 213333313331331333311313111111333113311131
  345201 1331133113331333113311111311113113311133313113111331113133313
  345201 231311133131331113311113311311133111311331
  346181 1333133333331333133311113131311131313133313113111131313313333
  346181 213331333131111313331113313311113133311331
  347180 1131333313331111133311111331111131311133113213111131133113333
  347180 233311333331111113313111311111133113311131
  348180 1333133313331313111311113111331131313333333311313331133113333
  348180 213111333331331333333113111111333111311331
  349180 1333331333333111131131313331333131313131333133311331333333333
  349180 231333333311311333133113333113131133113131
  350251 1313331333333313333131133331331113313111313133111333333113313
  350251 233333313333313313333113113113133131313131
  351180 1331333333331333133331111311111313313133113311113131313113331
  351180 233113131331131113311111311111333113111131
  352190 1333313333333333313131313311333113313113331311313311333133333
  352190 213333133333311111333133113113331133313331
  353190 1131133333333313131131111311333133313133313331113333333133333
  353190 233333331111331113333331313313111333311331
  354181 1133113113133311113311111131131133313313333331313311333131333
  354181 231313131131331311333131111311131131313131
  355210 1333333333333333333331111331131113311333133311111331133131331
  355210 231313331331131133313113111113133133313331
  356280 1333333333333113133331311331331113313133133313313331333133331
  356280 213333131311111333333113111113133133313131
  357231 1333333331333133133131111331331113333133133313113333333133333
  357231 213333331331133133313313111133313133313131
  358190 1331133133333333133311111331131113311113133313113311133133331
  358190 211313331331333113313113311313133133313331
  359211 1333333331333333133311113331111311331131331313113333133133331
  359211 213133331333313133113313111133333333333111
  360241 1333131333333333133331113331131313331133133313113333133133333
  360241 213313331331331133313113111133333133313333
  361201 1133331133333133333131111331331311311133133313113333133133331
  361201 213313331331313133133113111133333313333131
  362200 1333133333333313113331111131131113313333333311113331333131333
  362200 211313131111331113333133311113113133313331
  363200 1333313133333333133131113311313113313113111311113331333133331
  363200 211333331311331133333113111133131131313331
  364490 1313133131331333133311311331111111311133133311313331133113331
  364490 233313331131133313311111111111333113313131
  365250 1333133333333313333331313331331111113113331311313313333133331
  365250 211333331311331333333111313113333133333131
  366210 1333333333333113113311113331331111311113333311113311133111333
  366210 213313331131113133333311111111333133313131
  367220 1313133333333133333131113331331113313113131311113313133133333
  367220 211333331333331331333111113133333133313331
  368200 1333133313333113133331111331133113313111333313113131333133331
  368200 213113331131331133333313113133133113313131
  369190 1333333331333133333331113131311131313113331313113311313133311
  369190 211133333311113131333113111111133133313131
  370200 1331131133331333113311111311131111311113133311113331133133331
  370200 211333331331133333333113111131133133313331
  371220 1333133333333113313131113111311111313113131311113331133133331
  371220 211311131131131333333131313333131133113331
  372231 1331113331331133113311111331111113311133333313113331133131311
  372231 233313331131111133311311111111333133313331
  373200 1133133311333113113131111131111133313113131333113311133133331
  373200 231111133111113133313311313313313133113331
  374200 1333113333333331313331313111311133313113333331113311333131333
  374200 231333133131331311333133113113111133113131
  375210 1333113313333333313333131311131113331331331331331331133113133
  375210 231331133331331311333131313113133133313311
  376200 1331133333333333113111311331111113313333311311311331313111333
  376200 233313331111331113333111311313113133313331
  377190 1133133333333133313331313331311133113111331331113333133133333
  377190 213331133311311311133131133113133133313131
  378210 1333331331333133333331113331311133313313333331113331333331333
  378210 213333331333331113333131111113113133333131
  379190 1333313331333333113331111331131113311113133313113313133133331
  379190 211133131311311333313113113113333133313331
  380210 1113133333333313333131113331311133313133331331113333333133333
  380210 213331331331333313333333113113133133313131
  381200 1133133313331313113133113331131113111113313331111331133113311
  381200 211311131311311131313133111133111111313311
  382200 1331133133333313133131311111311111313133333311113311333131331
  382200 231313131131331111311111111313131133313131
  383200 1331133333333113113111111331131111313113333311113331133113331
  383200 233333131331331113333113111311333133313331
  384211 1131133131331333133111111331131111311131133113111311133111313
  384211 211313331311111131311113111131313313313311
  385211 1311133131333133131111111133111113313113333113113331331111331
  385211 213333131131131133313111131113333113311331
  386200 1133133333331313333111111331131113313133333311113331333133333
  386200 233333131331331113333113311333333133313331
  387201 1333333333333333333131113311333331313113331333113331133133331
  387201 211131333331113333133331331313333333313333
  388261 1133313333133113333131333331333131313113331333313333333133331
  388261 211333133333333113333133133313331133333131
  389190 1133113333133111133331313131311131113113311331313111133133331
  389190 211313333131131311331131313333333133113131
  390220 1131333333333333133331111311331111311313333311113311133133331
  390220 213313331331111311333113311133333133313131
  391201 1333331331333133133331113331331111313133131313113333133133313
  391201 211333331331333113113113111131333133313311
  392250 1333113333333131333131311111313113113113111331111113133111111
  392250 211331331111111131333111111313133133313331
  393271 1333113131131333333113313331111111313313131131313313133311331
  393271 213313333331111331313133131331333313113331
  394231 1333133313333313113311113331131111311133333313113311133133333
  394231 233333333311131313313113111131333133313331
  395231 1331133131333113113131111331131113311133133311113333333133331
  395231 213313331331311133333111111133333133313131
  396211 1333113133133131133111313311113113111113131311311311331111331
  396211 211333131331131131333113111313331133113311
  397201 1333331131333333113311111331131313311113133311111111333111331
  397201 231113331311131111311111311111331111111311
  398201 1333313113333333113311313331331113313113333313313313333133333
  398201 231333331131131333333111111311333113131311
  399201 1113113133333331113311111331111111311113131311111311133131111
  399201 211113331331131111313313111111131133313311
  400211 1331313331331133131111133331131311311131131313333331133113331
  400211 213333331331113133313111113131333133313331
  401240 1333133133333333133311111331311133313133113331113331133111331
  401240 213313331131111113313131113313113133333331
  402211 1331333333333133333131111331131111313113333311113311331113331
  402211 213131331331331111313111111131333133313131
  403250 1333113313113331113131313111131111111133311311313311333111131
  403250 233331331131131311333111313113131333313311
  404370 1333133331333333313131331311331131313113133331113333333133333
  404370 211111331131113133133311111113333133313331
  405180 1333133333333131133311113333311113313113313311113331133133313
  405180 213333331331131113313113113111133133113131
  406201 1333131331333333333311113331111113311133111311111333133133333
  406201 213331331131113113311113111111133133313331
  407181 1133133333333313113311113331331113311133133311113333133113313
  407181 213331333111311113313111111131331133333331
  408180 1333313133333333113331311331311111313313111311113111133111333
  408180 211313331131131131313113113133313133313131
  409201 1333313331333133333311111331331131311133113113313333333133333
  409201 211333331331311133333111113133331133313131
  410181 1333133113333333133133111131311111311133331311113333333113331
  410181 211331331111133113313111111313313133313111
  411200 1331113133333113113331111331111113311113313311113311133133331
  411200 213331331311131113331311111111133113313331
  412181 1313333331333133133111333331333111131111331313113333133133313
  412181 213133331311313333333313113111333333313133
  413180 1133133333333333133331113331331111313133113313113331333133333
  413180 233333333331331333333133131113133133313331
  414201 1333333333331111133111311311331131313133133333113313131113333
  414201 213313331331313111333333311133331113113111
  415221 1333333333333331113331313331331133313113133331313133133131331
  415221 211333331331133311313113113131331133313331
  416180 1131333133333113133111113131331133313133333313113311333133331
  416180 211133131331133113313133311111331133113131
  417200 1333131133333333113311311331331111313311111311113311133133313
  417200 213331331111133133333313111111133133213331
  418190 1133333131333133113331113311111113313113333311133311331111331
  418190 231313331313131111333111313313333133123331
  419200 1133133333133311111131311311111113313133331311313111333131333
  419200 231133133111331331333331111133131133113331
  420190 1131313333133333113331313131331113313333331311113311333131333
  420190 233331133131331311333133113133333133313331
  421200 1133133113333331313313311331311113313113133311113311133113331
  421200 211333131111131113333111111311133131113331
  422190 1333333133333313331331113131331133313133311313113331333131331
  422190 213313331131331311333111313113133111313331
  423180 1333113113333113113113111131311133313333333331313131333113333
  423180 211313131131331111331133111333133133313311
  424190 1111131113331333113313111131111113313333113311111331113111331
  424190 233311331111131113311111111311313131311331
  425190 1311131113333313113331111331131113313333133313113331133133311
  425190 231313331111331113313111111111133113313311
  426190 1331113133333313133311113331311113313133131311313311331131331
  426190 211333131331131311333111311113133133113331
  427190 1313333333333133113331131331331113313133333331113333333133331
  427190 213113331331313133333313111131333333333131
  428200 1113333333333333333331133331331111313133333333113333333133313
  428200 233133333311133113333311113133333333313131
  429200 1131333333333133133131111331131133313133133313113331333133331
  429200 211333131331331113333133111113133133313131
  430190 1333313333333313133131113331331133313113331331313331333133333
  430190 211333133311331113333131313113133133313331
  431250 1333331333333333333331311331331113311133131311113131133133331
  431250 231313331133313113313111311313133113313331
  432210 1333133331333133113331133311311113311113333331113311333133331
  432210 231313333331111311313311313111333133313331
  433190 1133133333333333133131311131311113313113113311113313133133331
  433190 213333133111311131333131111113333133313131
  434200 1333133333333313133111113311333113313133333311113331333133331
  434200 233333311331333113333111111111133133313331
  435190 1331133313333313113111111331311111313131133311113333331131333
  435190 211133331131111333311111113131333133313331
  436180 1333313333133311131311311311313111313313331311313311331131131
  436180 231333133311311311333133113131313133113311
  437190 1313333133133313113333111131331113313133333311111313133111311
  437190 233333331131331113333113111113133133313131
  438180 1313113333333331333331313331313113111113331311313311333133331
  438180 213311331311331113313111113113333133313131
  439340 1331133333333311133131311331131133313133113311113311131131331
  439340 213333131131131311333131313113111133313131
  440190 1313333333333313133331313331311113313113333331113311331131333
  440190 213133131331333311333313311133131133313131
  441210 1111133333333333113111313331111113311133131313113311133113331
  441210 211333131131131313311111311111133133313131
  442200 1133313333333333131331313331331131313113331311313311331133133
  442200 211333133111311331333313313313133133113131
  443221 1331333131333133113311111331111113313133133311111331133113331
  443221 211333331311333113313131111331313133313331
  444190 1133133333333333333131113131131113313133131313113111333133333
  444190 211331131131313113333113311313111133113131
  445190 1333333333333113133131111331331113313133333311113331333133333
  445190 213333331131331313333313113111131133331131
  446231 1133311131333133333131133331331131333133331313113331133131313
  446231 213333333313111133113133113331331333133111
  447190 1331131333331133133311111131111113111133313311113311131113311
  447190 211333331131131131313311113131133133113111
  448190 1331113313333313113131111331111113313333131311313331333133331
  448190 231311331131331113331113111311113133311331
  449190 1313133333333333313331311311111133313133331333113311333131311
  449190 213311131333311333333131311133133133313131
  450210 1133133313333113113131311111311311313333333313113131133133333
  450210 211331131311111113331333113313131333313333
  451210 1333111333333131333311113111331133333113133333113333333111331
  451210 211133331131131313331331113131331133313131
  452280 1133113333133311333131313311333131313113331331313311333113131
  452280 211331331131333331333333313113131133113131
  453291 1133111333133311311331313331333131313113131331313313133113131
  453291 233333131313131311333133133133131131113331
  454200 1333113133333333133131113331311113313313331311313311333131331
  454200 213333131111331313331111111133131131113131
  455190 1333131111133333113331111131111111311113113311111133111313331
  455190 211131331111131133313311111313333133311331
  456300 1333133133333333313311111131331113311313113311113331333131333
  456300 213311331331131113333111111113333133313331
  457230 1331133333333111113131113131131113313133133311113331333113333
  457230 211313331131131133313311111313133133313331
  458241 1131111333113331131311313331111111113133131311313331333113133
  458241 211333333111111331313113113111331113313311
  459221 1133113333133113113111113331111113313111131311313313313113311
  459221 211313331113311131333111111111133133111111
  460200 1131333133333311113311311331131111311133313311313313333133331
  460200 211313331311311131333111311113131133113131
  461191 1333313111333313113311311131113131313113131311311333113113111
  461191 211311331331113113313111111113331113113131
  462250 1111111313333133113131313331313113113133133311313311133131333
  462250 211313333131331331333131113131133133313331
  463231 1131331131313133113311131331131311313313133313111331333111313
  463231 213133331331131113313331311113333333313311
  464220 1333131313333313133331111331311113313133113311113131133133331
  464220 213111131111131313311311111133333133311311
  465220 1131131333331333113311111331131111313133133311113331133111331
  465220 213313131331133113313111111131133131311131
  466270 1313131113333113113131113311331131313113333331313311333113331
  466270 211331131131311313333133311113131133113331
  467190 1333131333333131133131113131111111313113133311111311333133333
  467190 211333331131133331333131113111331133313311
  468191 1313333333333133133111133331331311313333333313313333333133331
  468191 213333333331311333313333313131133133313131
  469210 1333133313133331113131313111111113113313331311313311313111333
  469210 233331331131333311333111333313113133333331
  470190 1333113333133131333331313311333311313113311313313313331133133
  470190 211333133313311331313113133133313131113131
  471190 1333133313333333113131133131331333313333313333113133313131333
  471190 211331333133331313333133333333313333333331
  472190 1333133313333313133131311131131113313113331311113113333133331
  472190 233311331131331313131111131133333133313331
  473190 1133133333333133113133113331331313313133313313113331333131333
  473190 231333131131333333333131333333333133313331
  474190 1331113133333313113331311131331113313113331311313311133133331
  474190 213311131311331111331111113313113133113331
  475211 1331333131333113133131111331131113311133333311113331333131313
  475211 211333331311333131333111131133333133313131
  476190 1333113333333113313331113331331131313133331133113311331133333
  476190 211333133131331331333331113113331133313131
  477190 1331133113331113133333113131111113313133333311113331333133333
  477190 213313331111331313333311111133333133313131
  478190 1333113133333133133111313331131113311333331313313311333133331
  478190 231313131131311131333113113133133133113131
  479270 1333133333333113113313311131311113313333133311313311133131331
  479270 213311131111131311313131111111133133313331
  480190 1331133333333333133131111331331113311333133311113331333131311
  480190 231333331131333113333111111113313133313331
  481190 1333133113333313113131111131311113313133313311113131333113333
  481190 213131331311311113311311311333313133313331
  482190 1133133331333313113111313311131331311133133333113311333131313
  482190 211313331111331111313331113133133133313111
  483180 1331333333133133333131313311311111313313333311113311333131331
  483180 211333131331111313333113111133333133313131
  484190 1333313333333313113131333131311133113133331333133311333133333
  484190 231333131311113313333133113313113133313331
  485221 1133113111331333133131111131311113311311131311113313133133331
  485221 213313331111131131333113111113111133113331
  486231 1113133133333333133331113331311133313333313331313333333131331
  486231 233111331311131133333133111133333113313331
  487240 1333111333333333113331113331111111311133133311113311333133311
  487240 211333331311333131313113111311333133313111
  488211 1331113133131131133131311331311133113113113311313311133131331
  488211 211313111111131311313131113311313133113131
  489210 1331133133333333113131311311111113311113113311313311333113331
  489210 231331131131133311313111111133131313313131
  490210 1331333133333133133331111331331113311133333311113331133133331
  490210 213313331331331133333113311133333133313131
  491280 1331333131331313133331111331111111311113333311113331333131331
  491280 233111331331111133333113111113133113313131
  492311 1333331331111333111311311311133111111133111311313331333133131
  492311 233313131311111133313113111111331133313131
  493210 1333133333333113113331111331131113313133133311133333333133331
  493210 231333331113333113333113333113113113313331
  494201 1331333313333311131331313131333113313113131311313311333113331
  494201 233331131131131111333111111113131133313331
  495231 1131313133133333113331313331131113311133131311111311333133331
  495231 211313331331331333313313113131331133313111
  496311 1333113133131331111331311311113111113113131311313311131133131
  496311 211333131311331331313113113133131313113331
  497280 1331133133331113313331111131113111313113113311113311131133131
  497280 231313331111131131313313111313131113313131
  498190 1333313333333113331333313111333131113113333333313311333133133
  498190 211333133333331311333133333313113133113131
  499190 1333113333333333313331333331311113313333311313313111333113331
  499190 231333331131331331313111113313333131313331
  500200 1331333133331333113313113331131133113333333111111331133133331
  500200 211333331131333133313111311311133133313331
  501210 1331333333333333133131313331131311311133133313113311133133331
  501210 233313131333113313313113311111313133313131
  502190 1331133133333333113311111131131133311133131331113313133131331
  502190 231313331331331133333111311111113113313131
  503270 1311113313333333113131313331331133313113131331313311133133333
  503270 231333333131133313331133111111133133113333
  504210 1313131311333333113131133331331111311131133313113331333133311
  504210 211133331311333333333133113113333133313331
  505190 1333313333333113133331113331311113313113311311113311333131333
  505190 211333331331331131333131111133133133313131
  506190 1331313133133313113331313331311113313133331311313311331113331
  506190 213333131331111131133111111113331133113131
  507190 1333113333133113113331311331131111313133133313313313131333333
  507190 211333131111311111333313313113133133113131
  508231 1333333333333133133111111311333113311133131311113311131133331
  508231 213133331331133111333313111131133133113111
  509190 1331313333331133133131113333331133333133133313113331133133331
  509190 211333331311311313333133313133333133313131
  510261 1331131311331333113111311331131113311113133313111331133113333
  510261 213311331111133333313113113311333133313311
  511190 1333113113333133333331113331311331313333131313113333333133331
  511190 211333331331311113313111113111333133313131
  512210 1333331333333113133331113331331111313133333333113311333133311
  512210 213333333331331131333333111133133133313331
  513310 1133113333333333333331313111311113313313331331313111133111333
  513310 211131131131131311333331311113331133313331
  514210 1333113313133331133311313111331113313113133311313311333111333
  514210 213333131311331111333333111113133133113133
  515241 1131133331333313133131111331311111313133333313111331333311333
  515241 211333133311331333331313113113133113313131
  516200 1331133113333333113331111131111113313133133331113131133113331
  516200 233333331111131113313131311113333113313331
  517241 1133313313333333333311113331333113313113113131311311133133333
  517241 233311331111131311313113111311311113113331
  518220 1333113333133311333331313311311133313113331331313311333131333
  518220 231333131331331311333133311113331133133331
  519201 1333333333133131133131313331333111133113333131113331333133333
  519201 213333333331313333333333113133333333333131
  520241 1133133113133331113131311111331133313313133113313311333131331
  520241 213311131131113311333111111133331333313131
  521190 1333133313333313113131111331131133313133331313113111331133331
  521190 211333331331311311331131131333331333313131
  522221 1333313133333331331131311311313133113113133333113311333131131
  522221 213333131113131313333111311133133133313331
  523190 1111113133133313113311113111311131311113131313311111333133111
  523190 211131131111311311333113111313331133113331
  524200 1333133313333331131331313331333333313113133333113331133133133
  524200 233133333333331333333333133113333333333131
  525210 1131113133333313113311111111311113311133333311111111333111331
  525210 211331333131331111311113111313113133333331
  526200 1333133331333313113131111111311133313133313331113111333133333
  526200 213333331331311331333133113111133333133331
  527190 1333133313333333313331113331331113313113113331113131333131331
  527190 211331333111311313331131113111333133333331
  528241 1133113333133133131331333111333111311133131111313311333133131
  528241 213133133311331311331313113113333333113331
  529191 1331133313333333133111111131311113311113333311111311333111331
  529191 233331131331331111331111311111133133313131
  530200 1333113331333111113331313131311133313113331331313311333131133
  530200 233331131111331331331131113111133133313331
  531191 1133111311331313113131113131311111111131131313313311133113311
  531191 211311131311111313313113111111133133113331
  532210 1331133333331333113111113331313133313333113333113331111132331
  532210 211331131111131311333131313311111133311331
  533201 1333133331333313113131133131131131313113131333113331133133311
  533201 233311131131131113333131111331113133313131
  534210 1331133133333133113311313131311113313113333311313111133113331
  534210 231311131111333131333111111113111133113311
  535200 1333333331333133333331333331331333313113313333113311333133333
  535200 231333131313331333313133333113133133133131
  536190 1133133113333313113331111331331113313133333313113131111131311
  536190 211313131111133133333111311313313133313131
  537191 1331131131133133113331131331311113331113131111113133333111111
  537191 211133331131311132333313111133333133211312
  538200 1331331113333313113111111131311113311133113311111131131131331
  538200 213133313313311313311111112311333113311331
  539180 1133333333333333333111111331131311313113313311113331133133331
  539180 213333331311111333133113111133333333313131
  540180 1331133133333333313131111331131113313133113311111331333133331
  540180 233313331111331133311111111113313133333331
  541190 1333113333133313133331313331331113313313333311113111331111331
  541190 231333333131331133333111133113313133313131
  542181 1133313333333333133311333331331113313113131311313331133133311
  542181 211131133311311333313313113131333133313311
  543371 1333111131133131111131313311133111111131111111313311133333131
  543371 231311131313113331333113313113331133113131
  544191 1333113111133111113331113311331133313113333131111311331111333
  544191 211331131111311131331131313113133133313331
  545371 1333131333331333113313111111111111311133113311113331331113331
  545371 231331331111131113313113111311313133313331
  546210 1133333133333313333331331131331133313113333333113311133113331
  546210 211333313113313311333133111113131133113331
  547180 1331133313333333113331313131331133313133331331313111333131331
  547180 231331333331131131333111311313131133333331
  548190 1133133331333111113131311331131113311113331311313311133131331
  548190 213333331311331111313113311113131133313131
  549200 1331133313331333133311311131131133311113131311113331133111313
  549200 211311331331111113313131111111331133313133
  550200 1333313331333333133111113331311111331333331313113313133131331
  550200 233333331333331333333113111111313133313131
  551200 1333333333333113333131113331311111313133133311313311133131311
  551200 211333331331111333333113311113333133113131
  552221 1311313331133333111311111111133113111333131311111313113131131
  552221 213311331131111111313111331313333113113331
  553230 1331333331331133133311111331131111311133333311113331333133311
  553230 211133331331311313313113111131333133313131
  554240 1331131113333313113331111331333113111133133311111311133113331
  554240 231313131131133331313111311313131133133131
  555200 1133133313333333313331113331111113311133133311113311133133331
  555200 211331133131311131313113113311131133313131
  556180 1131333333333113131331313331311333333333331333113311333133133
  556180 233333133311313333333133311133313333313131
  557190 1333133113333313113113111331311113313133113311111111133111331
  557190 211311131111331313313113311313113113311331
  558181 1333131111333333333111111331331313313113133311113333133133333
  558181 213331331111333333313111311133313133313331
  559190 1333133333333113313331113311111113313113333331113331333133331
  559190 213313133131133333333111111113133113313131
  560190 1333113333133111333331313311331131313113331311313311331133131
  560190 231333133311331311333131113113131133113131
  561190 1131133133333313133313113331111113313133333313113311333131331
  561190 211311331331131111331111111311131113311331
  562190 1313331333333133333311131331331333313133333313113313133133331
  562190 211133331331333333333313111131333133313331
  563220 1331113313133311113133313131311113313113331311313111133131331
  563220 211331133111331311333131313313133133113331
  564210 1313333333313133133331131331331113313333113313133133133131313
  564210 213131331111333133333311113113333133333311
  565200 1333131313333131113331313331331111313333133311113311133131331
  565200 213133331131333313313333113113133133313331
  566280 1133313133133113333331311331331111111113133313313313133131333
  566280 213311131111113313333111311111131113113331
  567190 1333133333333333113111113331311111311113113311111131133133331
  567190 231333331131133113311113111111333133313331
  568250 1333333313333313113131113131311133313333333311113331131131333
  568250 231331331131133333333111311313133133313331
  569250 1331133133333333133111111111131111311133333311111331133133331
  569250 211313131331113133113113311111333131313131
  570190 1331133333333313113331111331311113313133333311113311333133331
  570190 231331331311311133133113111113333133313131
  571210 1113331111311131131113131113331333313113311311313311333133333
  571210 211333333333333331331331313333331133333331
  572190 1133133313333333313111111131311111313113111311113311133133331
  572190 211331333331331311333113311113133133313331
  573190 1333133331333113313131313331331113313333111311313331333131313
  573190 211333131111131113331111313113133133313331
  574190 1333333333333113333131113311331133313313313331113333333133331
  574190 231333331131333133333113111113111133313331
  575190 1313131313333333113331113331311113313333333311113333313133331
  575190 213133331311133333333331331111333133313331
  576181 1313113331333333331131133331131113311111111333113313133133131
  576181 211333333111331331333113113113311133113331
  577181 1331133113331333113111111131111113313113113111113311333133311
  577181 231311331331133111313131111111133113313311
  578181 1331333331333113113311311311311111313133313113113331333111331
  578181 233333331311113133313113113133133333313331
  579231 1331333133331333113111113311131113313113133113113331333133331
  579231 213133331311131333113313111113131133311131
  580220 1331133133333333113331131331111113313333333313111333133113331
  580220 211331331131131113313111311313313111313311
  581200 1333313333333311131331313331313111313133333311313311333133131
  581200 231313131331331311333113113133111131313131
  582180 1333333333333113133331313311331111313113333311113311333133333
  582180 213333131311311313333113113113133133313131
  583190 1333113333333133133331313331111113313113333313113311133133331
  583190 211333131131131111313111111113313131313331
  584180 1333333333333113333331313331331311313133331313113311333133331
  584180 211333331331331331333331113113333133313131
  585171 1333113133333331113313313131331133313133331311311331133113311
  585171 211333333331133131333111331333333133313331
  586180 1133133333333313113331113111331113313113333311113331333133331
  586180 211331331331331333331111113113133133313331
  587400 1313131311331333113311111331131111311133113313111131133131311
  587400 213313331311131333313113111113333133313131
  588190 1331331313331333133331111331131111311133133313311113133111331
  588190 211333331111133133313311111111333133313131
  589190 1331113333333333113331313331331133111113331311313111331133333
  589190 213133333331331313333333111113131133313131
  590190 1133111133333333113331111331311111311113131311313111333133331
  590190 211331131311313113313111131133113133113331
  591190 1331133133333333133331311331131113311113133311113311133131331
  591190 213311331331131113313111111311133133113311
  592201 1333311331333133331331333331333131313113131313313313133133133
  592201 213333133311133331333113111113333133313133
  593180 1331313333333331113311113131111113311113111311111331333133331
  593180 213331331311331133313111133113133133313331
  594211 1333133113133133113331311331313113313133333311311333333133333
  594211 211331331131331313333131111331133133113131
  595211 1313113333133133111331333311311133313313131333313311131111333
  595211 211131133111331111331333311313131133113331
  596301 1331113333113133133111313331131131113133131111313311133131331
  596301 233333131331111131333113113133333133113331
  597211 1133313333333331133333313311333111311133311311313313133133133
  597211 231333333311333331331111313313333133113331
  598191 1333313331331313133331313331131111311313131311113311133111331
  598191 211313331111113331311111111313131113313331
  599341 1333113113333311313131313131311133313113311311313311313131333
  599341 233131333131333311331131333313133113313331
  600351 1333133331333113113331133111111313311133333333113133331113331
  600351 213131333131333333333331313313333133313331
  601221 1311131131331133113311131331111311331131133113111133133111311
  601221 211113331331111133113313311131333113311331
  602311 1131111331333331133311111331131111111133133311111311133113331
  602311 211113331331111131333111111113133113311331
  603211 1333133333333331111331113111133131313113331131113311131111133
  603211 213331131111111111133133311133333133313133
  604391 1333133131331131113113311331113113313133133311311111133113311
  604391 231331331331131131313311111311331113111313
  605271 1331313331333133133331313331311111313113331311113113333131311
  605271 211333331131331131333111111113333133313131
  606211 1333113333133333133131313111133111313113311311313313333131333
  606211 211333133331331331333133113131131133113131
  607341 1131313131333333113131133311131113111113131311313313333133131
  607341 211311333331113131333111311113333133313331
  608181 1333133313333133133131333311131313313133133313113331333133333
  608181 213333331111331133331111113133311331313311
  609311 1333133333333113333131313331311131113313311331313311313331333
  609311 231131133133311331333333333113333333113131
  610311 1131331133331113313311131311131111311313133311113311333113331
  610311 213313131311311131313111311131331133313333
  611221 1111333311111333113111333333113131133133111313313313133111133
  611221 211331333311333331311111113111333333133331
  612351 1131113113333133311131313131333131313113113331311133333111131
  612351 211131131111313113133333313113311133133311
  613201 1333331333333333133111133331111111331133113311113313333333331
  613201 211313331333313133311111111131133113333311
  614211 1333133333331133133331311331111131311113133113311311333133331
  614211 211313331311131133313111333113133133313131
  615210 1133313331333333133131311331333133113313331313113313333113333
  615210 211333333331331311331133333113131133313131
  616421 1131113331333111133131313331311111113111133333113311333133333
  616421 213333331333113331313131313113133133113331
  617361 1133333131331133133111111331111113311113133113111311133133313
  617361 211313131331111311313113113111133133313111
  618180 1333333333333333333333113331311131313113333331113333133133333
  618180 213333333331333333333133313133313133313331
  619200 1131113333331331133311111111111113311113131311113311133133331
  619200 213311331311331313313111111131313133113131
  620180 1333133113333313113311311131111133313313111311313111333131313
  620180 231311131111333311313131113111113133313331
  621180 1331333333333333133131113331111111313133311313113111333133333
  621180 211333131311311311333313111113133133313131
  622171 1333113333133311111133313131313113131133131313313311133133133
  622171 211331331111333111333111311313111333133331
  623190 1133133333333133133331113331331133313313333331113313333133333
  623190 211333313131331333333131113313113133313331
  624170 1331133113131333113111113331111133313113113313111331131113333
  624170 233333131131131113311131311311111131311331
  625191 1313133133333333113333133331331111311133333313113331333113333
  625191 211333333331331133313133111131333133313131
  626181 1113333113333111133133113131311113313133133311113331333311333
  626181 233111331331331113331131113313331113311331
  627180 1133113313133333113131113131331133313113331331313131133131333
  627180 211331133311331311331111113133133133111331
  628170 1331133333333133113111111331311113313113333313113333333133333
  628170 211131331131311133333111111113133133313131
  629180 1331133333333133133331111331131131333113313333113333133333333
  629180 213333331311331131333113111113333333333131
  630180 1311333131331133133111311331131111311133333313111331133131311
  630180 213313331111113313313111111111333133313131
  631180 1333113333333331313331313311331133313113333131313311333133331
  631180 211333131331331331333133313133131131113331
  632191 1331333131333133313331113331331113313133333313113331333131331
  632191 233313331331311113313113111113133133313331
  633181 1133113131133333111313333331333113313133331311333113133113133
  633181 211333333331313131331111111113313133313331
  634180 1333133333333131333331313331311113311113333311113111331113311
  634180 213331111331331331333311111113133133113331
  635230 1331133313133311113131311111311113113113113311113131133133331
  635230 211333131131131111313111313113331113113331
  636170 1333133333333311133131313131331113313133333313313313333111331
  636170 231331331131331311333131133333333133333131
  637180 1113133333333333113131113331311331313113313311113131333333331
  637180 233331333131331333331131113333133133333131
  638180 1333311333331131133331311331133113111333131311313311133131311
  638180 211331131311331111313111331313131133313331
  639181 1131313133133331133111311311311111113133131111313311333133131
  639181 211333333111311111313111113133133133113311
  640180 1333313333333313133331311331311133313133331333313113331113333
  640180 211333331131333311333313111311333133313311
  641190 1133133333133131113131113331311113313113333313113311331133331
  641190 211333133131311311313111313131133133113331
  642231 1131311113111311113311311311133113111113131113313311133131131
  642231 211333131311113111313113111111131113113311
  643240 1333133333333311333331313333311113113113313311113331333133331
  643240 233313131331311133333113331313133133313131
  644231 1333133333333313113313113331333133313133333333313331333133333
  644231 211333333331333333333133133313333133333331
  645231 1331131133333313113113111331111111311313113311113331333113331
  645231 231333331331331133313313311111133113311331
  646241 1333133133331333131113113131113113311133131113311331133113331
  646241 231131331133311133313311113311333133313331
  647221 1331333131333333133311111331131111311133133311311313133111331
  647221 213133331331131131333311113111333133311331
  648220 1331131331133333313133113331131113311113133313113331333133333
  648220 231313331131313133333111111131133133313131
  649220 1331133113333311113313113131313133313133313311111131133111333
  649220 233311331131331333313131311313113111311131
  650231 1131131133331313113311113131131111311333113313111333133111331
  650231 233313331311331133313111311111113113311133
  651250 1311133333333331133331113311131113313133333313111311133111331
  651250 213333331331311133333111311113333133113131
  652231 1331111133333313113311131331131111313333133311313331133113311
  652231 211311311311311113313111113331313133313311
  653240 1133133113133333113131313331331133313313313311311311333133333
  653240 213331133311331311333131313113111133113331
  654221 1333113131333333113331113331311113311133333111113333333133331
  654221 211333331131131133333111311331333133313331
  655180 1333133333333311333131113331331133313113333311313311333133311
  655180 211333333131331311333133113111331133333331
  656180 1133133333333331331131113131333331313113331333113313331133333
  656180 213331133313331331333333113113131133313131
  657201 1331131133333113133311111331131111311133133313111331133133311
  657201 211313331331313133113111111111313113333111
  658190 1331133113333133133131111331131113313133113311113333333133331
  658190 211313331311111133313111111111333133313331
  659180 1333133313333333113331133131311133313133133313113331333131331
  659180 211133131131333133333113331113333133313331
  660201 1133333131333133113131111331131111313313133333113133133131333
  660201 211113331311331313313333111131333133313333
  661170 1333333333333131133131313331331133333113333331113311311133333
  661170 211333311313311111333133113133133133113311
  662180 1333313333311133133111113331111313311133333313113333133133333
  662180 211133133331333333313313131133333333313111
  663190 1113113133333311313131313311311133113313311111311311133111133
  663190 211333333133331331333111111113113133113131
  664171 1331313133331333113111111331331113331333133311111331333111333
  664171 213313331311313133313111111331331113313333
  665180 1311133133333333133311111331131113313133333311113331333113331
  665180 231313331131331113313113131131333113313331
