CATALAN EPQ 101 ITEMS MALES AND FEMALES
01011043
   P      E       N      L
19202122
023027031038047055085093097002006011039043052059067078100
001005010015018026034042050054058062066070077092096022030046
003007012016020024028032036040044048056064068075079082086089098
013021037061073087099008025029041045049053057065069076080083091095
   NO   NOANSWER  YES
000001
000001
000001
000001
000001
000001
000001
000001
000001
01
01
01
01
01
01
01
01
01
01
000001
000001
000001
000001
000001
000001
000001
000001
000001
000001
000001
000001
000001
000001
000001
000001
000001
01
01
01
000001
000001
000001
000001
000001
000001
000001
000001
000001
000001
000001
000001
000001
000001
000001
000001
000001
000001
000001
000001
000001
000001
000001
000001
000001
000001
000001
000001
01
01
01
01
01
01
01
01
01
01
01
01
01
01
01
0211801141
(I5,I2,I1,2X,70I1)
(I5,I2,I1,2X,70I1)
    1 61  3333133133333131133333113311111133131133333113131313133333313323133113
    1 61  1331113333111111311133133313331
    2 21  1131113333333333133113133313331313113133113333113113331313331133333111
    2 21  1331311333111113331331131113331
    4 11  3331133133331131333311133313311333333133333322333333331313333133333133
    4 11  1333133333111331313333133113331
   11 31  3311131313313333133113111311111311131131313311113113331133333331133113
   11 31  1131113333133111313133111113331
   12 51  1311131333313331133313111111131113133133133113131113113113313331113111
   12 51  1131333333111311311113111311331
   13 11  3331131133333331133313133311111133133133313323131333131333313131133111
   13 11  1331133333111111313133133113331
   14 11  3133311313333133131111113311311133111131333131113331333113311131333133
   14 11  1133133333311111111333113313331
   19 31  1313111333331131133131113111111313111333313131113331331313113131333133
   19 31  3313133313133111113133133313331
   20 51  3333333133131111133133111113133133133131133111113113111313333131113111
   20 51  1133113333111111311113111333331
   22 21  3333331333331333133312113313111333131331333331113331331333333313333133
   22 21  1331133113313111113133133313131
   24 41  3331331313311131133333111311111333133133133313111313131313313131133111
   24 41  1111113313131111311113113313131
   25 61  1311131113333133133333111113311133133131133313111313331313333333133111
   25 61  3331113333111111311313131313331
   26 21  3331131333333131133313113111111133313131331131113333131313311131333111
   26 21  1131133333311111131133131313331
   27 21  3311331113113331133111311311111333113131133111111133131313313331133111
   27 21  1331133313111111311313131311331
   28 21  1333333313333331333111113313311333131133333331111313331313313331131111
   28 21  1333313313113311111133133313331
   29 11  3331111133331331333111113313311133111133311333111113331331113133333131
   29 11  3313133331111331133333333333111
   30 21  1331331133133331133113111311111313113131131131111133331333313331133111
   30 21  1111133333113111311333111311131
   32 21  1313333333331131333113113113111113131131313313133313331313311133333131
   32 21  1331131333113311113131133113331
   37 31  3311131133313111133131113111131133131133113131113133131131313131313111
   37 31  1111131333113111111133113311311
   38 11  1111131313331331131311113313111113111313313123311331333133311311313331
   38 11  1113131113113311133333133113131
   41 11  3311131133313331333111113313111133313131133311113333331333313331333313
   41 11  3333313113111331111333133313331
   45 41  3311331333331131133313111111111133133133313113113313331113313331333113
   45 41  3331113331111111311133133311333
   47 31  3313311333313131333113113111111133331133333111113133331333313131312133
   47 31  1131131313113321113333131313331
   48 21  3331331333331133333311111311111333331133133111113331331313313331333133
   48 21  1331133333113111113113133333131
   51 51  1331131311333113113333113111131111133111113313111113311311311131313131
   51 51  1111131313113311313113311113311
   52 11  1311131313333133133333111313113313333131333131113313331133313113133111
   52 11  1111113331113111133133113333331
   53 11  3331331333331131133332111313111333131133313331111313131313313131333111
   53 11  1331113333111111333133133313131
   54 11  3331331313311331333311111311111133133133313313113313331331333111333111
   54 11  1331133313111113111333133313131
   55 51  1311331133313131133131111311131333131333133111113313331333313331133113
   55 51  1133113333111111331313111311331
   58 11  3331311333333131333131111311311133113331133133113333331113313131333113
   58 11  3311113333111311111113133311331
   59 21  1331133131333131133333133113111333133333113333333313333313313133133131
   59 21  3333333333133111113133133113331
   62 11  1331331333333131333331111332111333133133313313113133331331313131333113
   62 11  3333333331111131133133133113331
   63 51  1311331113333331133113111311111333311133133313113333131313313331133111
   63 51  1131133333131111113113111313331
   64 51  3311131133313131133133111111131113113131113313111333113313313131133111
   64 51  1131113331111311111131111113311
   65 11  3333131333331331333333113313331113111133313133113113331113311111113131
   65 11  1311133333313113113133133333131
   70 51  3311131333313131333323113311111311133131333333113133311111311131133111
   70 51  1111111313111111111133111111331
   74 21  3333333313331113333313113111131331131131311313111133331311311333113311
   74 21  1331111113331313113131133113131
   79 21  3331331133333333333331113313111333133133333311113313131333313333133113
   79 21  1331113333131111111333133333331
   80 11  3333333313333333133333111313311313333133333311133313331333313333333113
   80 11  3331133333113133313333333313331
   81 41  3331331333333131133313111311111333133133133111111313133313313133113113
   81 41  1131113333331333313333131313331
   82 11  1131333113331331133111313311113313111311333331313331131333311131333113
   82 11  3111333313133111111333133333131
   86 11  3333331133331333133331133313133313311133313331113333331333333131333333
   86 11  3311133333133313133333133333333
   89 31  1311111333311331133331111311111313111131111111111313111113313131133111
   89 31  1331111313111311113133133133331
   90 11  3331131333313131133113113311311333131131333113131113331313313131133111
   90 11  1133111333131111113333133313331
   91 21  3333131313331131133333111313111133133113333333111313311133313111133113
   91 21  1131113313113111133333133311331
   92 41  3331331133333133133313113111111333131131113311113313331323313333132133
   92 41  1333133333111111131131111113331
   95 11  1333131131331331133113113311113131331133133113133311131333313131133113
   95 11  1311333333311111133333113111131
   96 11  1131133331133113333311131133331311331133313331333313331331333333333333
   96 11  3311333113113133113133333313133
   99 61  1311131131333111133133111111131333133131113113111113111311333133113111
   99 61  1131111311111311111111111113331
  100 11  1331133113333331133313133313111333133131113313133133131313313131133311
  100 11  1133113333311113111113133313331
  103 51  1313131133331131133111111113131133133133133111111113311113333331133111
  103 51  1331111311111311311111311313331
  104 61  3331331133333133133313111313111333133131133313111313131313333331133111
  104 61  1131111333131111311113111111331
  105 21  1331111313333133133313111113111333331133313313113133331333311331133113
  105 21  3331131313311311133133133313311
  107 21  1331133111333113113313113113131331131133313313133111311331331133313131
  107 21  1333131333133313113131333113331
  108 11  3311111333313333133333333313111133131311333131311313333333313313333111
  108 11  1313133333311113331333133333131
  113 51  1333331333331131133333111111131133131133333111111313131333313331133113
  113 51  1331113333111311331133111313331
  114 41  3333131313333133333113113111331313133133313311111133311331313132133113
  114 41  1111131133113111333333133313331
  115 21  3311131333311131333111111311131333113133111113113113311313313331113111
  115 21  1133113331113311113133133313331
  118 31  3113131133331131133333111311131333133133133113331113333311313311133113
  118 31  3331133333111313113133333113331
  122 21  3331333333331331333111111313311333131133333333113313331333313133333113
  122 21  1331333333113111131333333333311
  123 21  3311331313331133333111113311311313111311333333111333331333313111133111
  123 21  1311131313311111113133133331131
  126 51  3311131133313131133133111113131133133131133113111333131113313331113111
  126 51  1331113331111311311113111311331
  127 11  3133133331333131333133133133333333133333323333331333333313333333333313
  127 11  3333333133313333331113333313133
  129 31  3311131133313131133333111313111333333133323313133333333313313331333133
  129 31  1131123333331311111133111113333
  131 11  3313331313333131333333113332333111133133333313113331331333313131333113
  131 11  1311333333111111311133113333331
  132 51  1331131113333131133331113111131133133333333113113133131113313331133111
  132 51  1331111333311311311133111113331
  134 61  3311331133333133133333113111131333133133133313131113331313313331133113
  134 61  1131131333131111313333133333331
  139 31  3331331333333331333133111313111333133133133313131313131113313333133111
  139 31  1331113313111111313313111331331
  144 61  3311313333313111133133111311111333133131133311111113133113313331133111
  144 61  2131113311131111313113113331331
  145 41  3333133133333131333333111111111333131133333313113313331333313333333113
  145 41  1331111333133111311133131333331
  146 11  3131331311331131133331111113111333331133311131111113311313113111133111
  146 11  1331113333111111113113131113331
  147 11  3311331333331333133113113313313133131131333131113333331313313311333113
  147 11  1313313333111111313333333313331
  148 31  1111131333313131133113113113111131131131313113113133331331313331333111
  148 31  1111131313111111311133133113311
  150 11  1311333313333133133113133113111333331311131333131331133313113133333311
  150 11  1111331313131113111333133313131
  151 21  3311331133331131133111111111111133133133133111111313131113313331333131
  151 21  1331133331131113311113111311331
  152 11  1331311333331331333313111313313313313331313333311133133313111311131131
  152 11  1313331333313311333123133111331
  153 21  1331333331331133313313131313313333131113311331133331133331311333133331
  153 21  3331333333113133133133133133131
  154 21  3331133133333133133331131313111311133313313311331133131311333133133311
  154 21  1131133333131333111331133133331
  155 41  3331333133331333133111111111131333133133133311313313131333311131133113
  155 41  1331113331111113313313133313331
  157 51  3313331133333131133333111311111133133133333113111133111113313331133113
  157 51  1311111333111111313313131313331
  159 51  1311331133313131133313111111313333133333313133131113331331313131133111
  159 51  1311311311131113111131111111331
  160 11  3113331313313331333133113311311113111131331131133333311313313131333133
  160 11  1331133313113311331313333111331
  164 51  3311331133311331133133111311131333133133113113111113133113313331133111
  164 51  1131111311111111111313111113331
  165 21  1333133313313333333313133311111113131311313133133131313331311133333331
  165 21  1111131113313111111333133333131
  169 21  3311131113333133333333111113131313133133333311113333331113333131133113
  169 21  3131133333131311333313111313333
  170 11  3311331133313331133313111311111133111133333111111313331333313131133131
  170 11  1331113313111311311113131313331
  172 51  1313131133333131133313111113111333331133133313111313331313313331133111
  172 51  1331111331111111311133111111331
  174 31  3331131313313311333313111113331333333331333313113311313313311131133133
  174 31  3333311313113333311333133313331
  175 31  1331133331331131133313113113131331331133113313333133331311311131333111
  175 31  1311331333131113133111133113131
  177 21  1313311133331131333113111111111133111133333133113333331311311331333111
  177 21  1331133313113111113133133311331
  178 11  3331331133331331133111311313111333113131133131311333131333313311333111
  178 11  1313133313133311313133113331331
  180 11  3331331133331333133331111313113133133133333131111313331331333131313113
  180 11  1131113331111131133333111313311
  181 41  3311131133333133133333111313111333131133333111112313131333313331133111
  181 41  3333111333113311311333111113331
  182 11  3111133313333311333313111313331313331133333113113113131111313131133111
  182 11  1333133111111311113311133311331
  183 51  1331331333331131133321111313111333131133133111111313131113313131133133
  183 51  1133133331111111111133131313331
  184 51  3311331133333331133133113311131133131133313111311133331113313311333111
  184 51  1131131313313111311333133313331
  185 61  3311131333333131133312123123233111211331311113123333131133333322113133
  185 61  1111133313111111111333133331331
  186 11  1331133131331111333313131113331331131133113313131113311331313133213331
  186 11  1311331333111113133111133113131
  187 31  3311331133333333133113113311111313333333313113111133331333313131333131
  187 31  1111333333113111113213133333331
  188 21  1331133333331313113333131113111331333133113133133133331311313133133313
  188 21  1133111333133113133113133113331
  189 41  3311131133333331133333111111111133133133123113111133131113313331133111
  189 41  1331133313111311313113111133331
  190 21  3331331133311333333313111311111333331133333311111313331333313311133113
  190 21  3333113333331313133333131313331
  191 11  3311331133333333133331131313113333131232333311111313131113111331331123
  191 11  1321113331111111313313111333331
  192 31  3333331333331333133333113113111331131133313313133113311331333131133131
  192 31  1111131333111111313313131313331
  195 31  3311331133313131133311113111131313131133313131111113331313311131333111
  195 31  1331111331111111111113131313331
  197 31  3331331333333333133111131313131333131333313333113133333313313333333313
  197 31  3133333333113133313333133133331
  198 11  3331333333333331331133113313111133111131333111111313331133313331333113
  198 11  1333113333111111311333133331331
  205 31  1311131131333331113113111113131333111133133113133113131331313133133111
  205 31  1331133333311111311131131133331
  206 11  3311331333313131133111111311111133113331333311113311331133313331133113
  206 11  1313133313113111331333333311311
  208 11  3131331333331333131111313313311333111331333311213333131233313311333113
  208 11  1333133313311111111333133313131
  209 51  1333131333331131333133111113131331133133313313111311331311313133113111
  209 51  1111133333111113311113113113331
  210 61  3123131333333111313333113111331331313133333113133113311131313331133121
  210 61  3321111313113111111311131311331
  213 11  1331133311331131133313133313111333133133313313133313331313331133313311
  213 11  3311333333131113113131133113331
  214 31  1331131133333131333331111311111313331133331333111313133313333133333113
  214 31  3131113313131131123333131313331
  215 11  1311131133333131133331111313311133111133333113311313331313313131313113
  215 11  1133111313111111113133133311331
  216 31  3311131133331331133311111311111333113133333113333311331333313131333311
  216 31  1333333333113111113333113133331
  219 11  3311131333333331133311113313311133311311311111113133333133313111333131
  219 11  1311131313311111113333133111131
  220 21  1331133111333131133333113311311111113131311111111133311311313133113111
  220 21  1111131313111111133133133113331
  223 31  1311131133311131133133111111111333133133313111113313131133313131133113
  223 31  3131113311111311121113111311331
  224 11  3331333313313333333133113311111333311131333331111333331331331331333113
  224 11  1311133333113111111333133311331
  225 11  1111131133313333133111111311131333111331113133111113131113313131133111
  225 11  1131111313131111131333133311331
  226 31  1311331133333131333313111311111333131133333313113313333313313131133111
  226 31  3331113313131131113133133133331
  227 51  3311131133333131133313111111131133133133333113111113311313313331133111
  227 51  2131123323311311111333133111333
  229 11  1331133331331131133313131313111313111133333311113333333333313331313131
  229 11  3311133133313113133133133133131
  231 11  3311131133331331133111111311311133113131113131113313131113311331133111
  231 11  1111113313111311111313133311331
  232 21  3331131333331113333313133113331133131133313333113333331333311313113131
  232 21  1113313333311113113333133313331
  233 51  1331131131333111133113113113131333131133313113113313131113313331133111
  233 51  1131111333131111133113133113331
  234 21  3331131313333313333133113311311333113333313333111133333313111131133131
  234 21  1113133313131311111333133131331
  235 11  1333331333331131133133131113111333313133333133131313133331313331333313
  235 11  1331313333111111113311133331331
  237 11  1333331333313131133333111311111333133133333131111133131313313331333111
  237 11  1131333313311111111333133313331
  242 41  1311131113333332133133111111111333133331313113113333133313313131133111
  242 41  1131113333131111311113113111331
  243 11  3331331333331333133311131311313333131133333311133313331331313131133133
  243 11  1113333333133113313333113313331
  244 31  3313231123333331133333113113131133333133133131113333133333333113333132
  244 31  3331131233131331331333333313331
  245 21  1331131333333111133333113311111333133133113333111113311111313311133313
  245 21  1331331333331111133133111313333
  246 31  3331131133313331133333111311311313133131131313111133111313313131133111
  246 31  1331131333131111311313131313331
  249 11  3333111333333331133133111313311333113133333113111313131313313131333111
  249 11  3333113133111113313313133313331
  250 21  1131133131333311133133133111111331131133311111131131311311313133113311
  250 21  1131331333113111111131111113331
  252 21  3333333333333133333311133313311333111133133313131133331333313131133313
  252 21  1113131333333111333333131113113
  254 21  3331331133333131133333111313111333131133313311111311131311311331133111
  254 21  1111133333131111313333133333331
  255 51  3331331333333131133313111311111333113131333111113313131113313333333133
  255 51  1331313333111111111133133313331
  258 11  3333133331331333133111133313311333111333333113133313131331113333333113
  258 11  3133331333133133133333133333313
  260 11  3333333313331131333311131311313113313131333331133333331333313333333331
  260 11  1311333333113111133333133333331
  261 11  3133333313331111333313133311313313131311333333133333331311311111333331
  261 11  3313313133133133133333333333133
  262 51  3331113131333131133333111313131333131133113113111333131313313131113111
  262 51  3133113333131311113113111311331
  263 11  3331333133333331133311133311111333333133333313133333331333311313333133
  263 11  3313133313113111133333133313311
  265 21  1311131111313331131313113311111111133133313133113313333313311113133111
  265 21  3131313131311111311131133113331
  266 51  3313331333333131133313111313113333323133333311111333331113313331133111
  266 51  1311113333131111313133131313333
  268 61  3313131133333131133133111311111133111131133111111113133113313333113113
  268 61  1131113333111311313313111133133
  269 61  3313131333313133133113133111111133111133313113113133331333333333332131
  269 61  1131121313111111311131113111331
  273 61  1311331133313131133313111131113113311313311313111113111113313331113111
  273 61  1131113331111311311111111111331
  274 11  3311331333333131333333111313111333131131313331113133131333313131333111
  274 11  1333313333113111313133113313331
  275 41  3333331333333133333311113311111333131131133311113333131113313331133131
  275 41  1311113333113111111333113333331
  279 61  3311331333333131133133111311111133123133313113211313131113313331113111
  279 61  1331113333111111311133131311331
  283 11  3311331113333333333313113313131333313133333331113313331113311331333131
  283 11  1311113333131111313333113313133
  284 31  3333331333311133331313313311111333131313333311333333331333313333333113
  284 31  3111131133133111113333133313331
  285 11  1331133133333333133333111113131333333133111313331133333331311131333111
  285 11  3333331333311133313313133113331
  287 21  1333133331331111113313133113111331131133313313131133331331333133313331
  287 21  1133331333133113113133333113131
  288 51  1331131133333111133113111313131331111133313133111311133313313133133111
  288 51  1133333313131311311311111313331
  290 11  3331133331133331133313131113311133133133313113131333333311333133113313
  290 11  1331333333113113131331133113331
  291 11  3311331333333331133111113313311113111133333133113313331313311331333111
  291 11  3313133333111111313333333313331
  292 31  3331333133333133133313113313111333133131333331111311331313313311333313
  292 31  1133133333331111313133133333331
  293 31  3331331333331133133133111311111333133331113311111113311133333331133111
  293 31  1331133333133111311113133113331
  294 51  3311311333313131133111111111111133113133133113111313131113313331133111
  294 51  3131113311111111311113111313331
  296 51  3331131131333111333333111111131333133133133111131133111313313333133111
  296 51  3333131333111311313113111113331
  298 51  1311131133333131333113113313111333133133333113111313331113313331133111
  298 51  1331133333111111111111111333331
  302 11  3311331133333131333131111311111133113133133111111313131113313331133111
  302 11  1131113331111111311313131311331
  305 11  3111131313311333133113113111111311111331113313113331311131311111333113
  305 11  1113133113331111111333133313131
  306 41  3311311313333131133133113311111133113131133111113313331113311331313131
  306 41  1131133333113311111133111311311
  308 11  3111331313333333133333113311311133313131333131113313131333313331333113
  308 11  1331113313311111313333113313331
  310 11  3313331133333331333133133313111113111333333311313333331313313311333113
  310 11  1313133133313111133333133313131
  311 21  3331111133333331133333111313111331133133313333313333331313311133333111
  311 21  3331333333133133311333113133331
  312 11  3331333333333333133313131313313333131133333311131313333313313333333113
  312 11  3333333333133131131133133333331
  314 11  3313131333331331333113113313113333333133313113133313331333311131333131
  314 11  3133113333113113131333133311331
  316 51  3333331313331131133313113313311133133133333311113333331333311331133113
  316 51  1131113333111111313113113313331
  317 51  3331333333333133133313111311111333133133131111131311311313313133113113
  317 51  1131113331313133131131111133311
  319 41  3333333313333333131331133313131331331333313111133331333331313333113131
  319 41  1133133333113111313133133333331
  323 61  3313331133333131133313113311131333333133333111113133331113313331133111
  323 61  1331111331111111111133111333331
  325 11  3313131333311331133111113311111113111131133113133113331313313131333113
  325 11  1133111333111111113133133311331
  328 11  1331111331333131133313113311313133111133313133113333331311313331333133
  328 11  1311131313113111313331333311311
  332 21  1311131313313331133133313311311133111131333113111313331333311331333131
  332 21  1331133313113111111133133313331
  333 31  3311131331331113133113113111311113111313313133113133331333331331113131
  333 31  1311131313313111111333133113133
  334 11  3333131113331131133313113313111333311131313331113113331333313113333131
  334 11  1311111333111111113133133313331
  336 31  3331331333331131133113111313111331111133331311113333331333313313133111
  336 31  1131133333311311313333133113331
  337 31  3311111133331131133113111111111133113133313111311113331133313131113111
  337 31  1133131313113111311131131111331
  339 21  3331333133333333333333113311331313113133333331133313333311313131313131
  339 21  1311131313113111113133133333131
  340 31  3311331333313131133111113311111133113131113113111113111113313331133111
  340 31  1131133313111111311113111311311
  343 51  3311331313333133133323111311111333131133133111113113331133313331133131
  343 51  2131111333111111113133111113331
  347 51  3331331113313131133113111311112133113131333113111333131313311331133111
  347 51  1131113313111111311133111311331
  348 61  3311331133333131133333111111131133133133133111111311131313333331133111
  348 61  1331113333111111313113111313331
  349 21  3313331333313333133311313311111133331131333111111313331333333331333131
  349 21  1111113113113111311133133313331
  356 41  3313311133133131133133111111111333313133133111111313133113313331133113
  356 41  1331113113111111311113111311333
  358 11  3131331313333333133113133311311133111133333331133313331333311331333113
  358 11  1311113333113111313133133313331
  360 61  3311131333333131133111113313111333131133333313131313131333313133133111
  360 61  1311131333111111131133333131331
  364 21  1331331313331331133131113311311111331133333111133133131333311331333113
  364 21  1331133331311131133333133113131
  365 51  3331331333333133133313133311111133131133333111111313131313313113133111
  365 51  3111113333311111313133111313331
  366 11  3111131313331131113113111313111333111311111131133113131111311111313111
  366 11  1311131311333113131313133311311
  370 31  3333333133333133133333111313131333333133133313113313311313313133133311
  370 31  3333133333113311113133113313331
  371 11  3311131113313333133311133311111333131131333131113313333333313111333113
  371 11  1111113313113111333333131313331
  373 31  1331131333331131133133111311331333311131333113113313331333313131333111
  373 31  1111133313111111111131133311131
  374 31  3333331133333131333113111311111333133133313311111333331333313313333113
  374 31  1331131333313111111333333113311
  375 21  3331331113331331133331113111111313111133333333133333331313311333133111
  375 21  1311131313131111113333133313331
  377 51  3313131133331131133333111111131333331333133111111133111111313131113111
  377 51  1131111333131313311133113113331
  378 31  3331131133333331133133111313111333133333133313111333131313313331333311
  378 31  1131113333111311311113111313333
  379 11  3333131333331211133111113313313313111133333333113313133313311333333131
  379 11  1313333333331113133333133113131
  382 11  3331331133333133133331111311111313131133133331111133331331313131333113
  382 11  1311113333313111133133133313111
  383 61  3331131333331131333313111313111333131133333133111313131313313311113111
  383 61  1331133333131111113133133333331
  386 41  3311331133333121133133111111131131133131313111113133111111313331133111
  386 41  1131113313111111311111111111331
  388 11  3311331113331131133131113113311133131133313111111313331113311331333111
  388 11  1131133313111111131133133311331
  389 21  3331111313333331133113113111111333111131311131311111131333311111113111
  389 21  1113311313311111111131113113331
  390 21  1311311133311331133113111311111333113131313111111333131113313331133111
  390 21  1133133333111111311113133311331
  391 11  1311331113333311133313111311111133111131313111113313331331311331333111
  391 11  1333133313111111131333133313331
  392 21  1311333313331331133333113311111133133131313113111333131313313331333111
  392 21  1111331313111111111133133113331
  395 41  3331331133313131133313111111131331133133313313113313131311313331131111
  395 41  1331113333111311311113133333331
  397 11  1111111313312331133131111311311133111131313113111111133311313131333123
  397 11  3133111313311113111133131111331
  398 11  3131331133311331133313113311311333313133113133131313131313313131333131
  398 11  1311333333111111113133133113331
  399 31  3331131133331131133313111313131131131131133313111113131311311131133311
  399 31  1131131333111313311113131113331
  400 11  3313331133311131333113111313311313333131333311313313331313313331333113
  400 11  1311133313111111113313133331131
  402 31  1311131133313131113113111311111131111111113111111311131111313311133111
  402 31  1131133313113111111131113311331
  403 21  3311133313313331133313131113111133311331313113311333333111313313333311
  403 21  1331131313111111113311133313331
  405 11  1331333313331131331113131313333333111311333111113333333313313133333131
  405 11  1331133333133313133333133313331
  406 51  1311131333331131133113111311111133111133133113111333131113333131113111
  406 51  1331113331111311113333111333331
  407 31  1331133133331331333313131311331333131131313113133313331331313313333133
  407 31  1313133333313113113133333133131
  409 11  1311331333331131133113111313111333133133333331113313331133313111333111
  409 11  1311133313133111313333133311333
  410 11  3331131331331133133333133313311333131133313333133313131313313133313311
  410 11  1311131333131111133133133111333
  411 21  1311131111313131133133111111111131113131111113111113131111313131113111
  411 21  1131131331111111311111111111331
  412 11  3331111313311331131313113311331131111333311113111133331111313311313113
  412 11  1133111111311113313131133131331
  418 11  1331331333331331133333133313111133123333331131133333333333311111133113
  418 11  3313333311311311111333133313333
  419 21  1311331133333131133313111311111133133133333113111313331313313131133111
  419 21  1311113333111111311113133311331
  420 51  1311331131311331133111111311111333111131133111111113131313313331113131
  420 51  1111131313111111111333133331331
  422 11  1133333333331133133313133313313313311133313131333313311331311133333331
  422 11  3113333333313333113333133133331
  425 31  3311311333313331133131113111311133111133333111113333331133313131333133
  425 31  1331133313111311331333333111311
  428 11  3311331113333333133111111111111133111131333111111113131333313331333113
  428 11  1331113333111111111333131311331
  429 31  3313331313313331133111113311111133111331333131113333331333313331333131
  429 31  1111133313313111111133133311331
  431 61  3131331133333133133133111311111333133331133311113313131313313331133113
  431 61  1321113333131311313313133313331
  432 11  3311331333333131333113113311111333111133313111113313331333313331313113
  432 11  1331133333111111313133133313331
  433 21  3113311313333331133133111313131333113131333111111333331313311131113133
  433 21  1133113313111111311333133311332
  435 31  1311311133313331133131111111111133113131133111111313331113313331333111
  435 31  1331133313111111311113111311331
  436 21  3313133333331331333113113311131331111131311133333333331333313133113131
  436 21  1333331311113111113133133111331
  437 11  1311331333333131133331113113111333113133133133133313331313313331333113
  437 11  3333113313113113333313133313331
  439 11  3311311333333131133311111313111333131333333131113331331313313331333133
  439 11  3333113333113331113133133313331
  440 11  3311131331333331133333131113131331131133333113111313111311311133133333
  440 11  1331331333131111311133133113331
  441 11  3113331133313131133133133311331313311133331131333311333133133111333131
  441 11  3313313133311311331131333111133
  442 11  3333131133133131133333111313113133111331333111131313131311313331133111
  442 11  1331113331111111111313111313331
  444 51  3331131133311131133131111111111333133133133111131313131313313331133111
  444 51  1131113333111111312113111311331
  447 11  3311331333333331133113113311311133111131133131113313331313313331333111
  447 11  1113133313113111131113113311331
  448 21  1311331313333133131331111111131113131132313311113131331313313131113113
  448 21  1131133313111311313131113113331
  449 11  1333111311331311333313113313311133111133313313113113331333313133333133
  449 11  1131111313113311131131133113311
  455 11  1313131331331333313313133311111333131113313333313133331331331111313131
  455 11  1113111333313113113131131113131
  457 11  1333333311331333133313133313111313131113333331333113331333311133313331
  457 11  1111331333133113311331333113331
  470 21  3333331313333133331313113113311313133131313311133133131333311313313133
  470 21  1313331333133111113131133113131
  473 21  1333333333331333333313113333311331331333133333133313333333311333333133
  473 21  1313331333133331113113133133133
  475 21  3331133331331331133313113313111133113333313113113131333331111113113111
  475 21  1131131313313113131333133113331
  482 31  3131311333311333133111113311111333111131333111113313331333313331333131
  482 31  1111133313113111111133113311311
  485 11  3333331333331333333313113311111333131131313331113113331333313131313131
  485 11  1311131333113111113133131313121
  492 21  1113131333331113111313133113131311331313313133313111333331313113313331
  492 21  1311131133113133313131313133131
  493 11  1331331333331133333313113113131331131331133333331333331333313131333331
  493 11  1311131333133113133131333313131
  500 31  3331331133331111133333111111131133133133313111111113331313313331113111
  500 31  3133111333111111313113133313331
  525 11  1331333331331131331313133311111333131133313311131113331313313133333111
  525 11  1333331333133111113133133113331
  527 11  3331333333331133133313131313311311131131313331133111313333333133333313
  527 11  3311331333333313113131333133331
  528 21  1313331313331333333313113111311313131133313111133313331331311111313131
  528 21  1111331333113111111131113113331
  530 11  3331333333331331131311113313111333133131313111113111331313311113313113
  530 11  1133311333311111111133133313331
  535 21  3331133331331313113311131113131331133133113313131113113311311113113113
  535 21  3331331333311113111133133113331
  537 11  1331133333333131333113131113111331333133313313131113131311313133133311
  537 11  1133311331131113113313133133331
  539 21  3331133333331131333313113313311311131113113133111313331333311133333111
  539 21  1133133333113111113333133113131
  545 21  1311131111333311113113131111131311133131111313131113133311311131313111
  545 21  1131131111331111313131113111331
  546 21  3331131333331131133331131313311333133133331111111333131313313131333311
  546 21  1313313333331113113133111333331
  547 21  1333131331333113133313113111131131331133131313111133331331313331313131
  547 21  1311111333113311113131133113331
  553 21  1131113331133123313333133333311311133333311333133111333311331113313331
  553 21  1111331133333333133331113133113
  554 21  1331133311331331131313333113131311131313313333331133311331311113113133
  554 21  3333333333331333113331133113331
  559 21  3133133313331333333313133313311313131311333313133331313333131113333333
  559 21  1333333333133113133333133333131
  565 11  3331331133331333333333131313311333133131113323111333331333111313313113
  565 11  1311133333111111111133133313131
  566 21  3331331331313333133113133311111133113133113131113113331313313333113111
  566 21  1333133333113111113333133113331
  572 41  1331333331331133333311131113131333331133311311133133333313331133113311
  572 41  1313311131133113113131133113331
  573 31  1331331133333131133111111311111333111111333311113331331333333331133113
  573 31  3131113333131111313333133333331
  574 31  3331113313333333333311113313113331133133313111133133331313311331133133
  574 31  1311331333113311113131133313131
  576 21  1311311333313131131113131311111133311333133111113311331313313311113133
  576 21  3131133313133111313133111331331
  577 31  3333333333333331131121113311113133111333113131133333331333313333333131
  577 31  1313333333333111113333333331331
  579 61  3333331133313131133313111111113133111133133131133333331333313331313113
  579 61  1113133313111333313333133311331
  581 21  3331131331333133133313131313331333131131313313113133331333311133133113
  581 21  1333111333111311113113133113331
  586 21  3331131131333131113313113113111331133133313113131133311311311131313111
  586 21  3313131331133313111131133113331
  595 21  3111131113313331131313113311111333111111313311113313331313313131333313
  595 21  1133311333131111111133133113331
  598 41  3333331313311333133111113111331333131131333131133331331333311331333131
  598 41  1111133313113111111333113313331
  603 31  3313333133333331133113113311311333111131333111113313331133311311313133
  603 31  1331133333113111111133133313331
  604 31  3333333333331133133313131313113331131133313313131333331333313133313333
  604 31  3211333333113113113133133333331
  606 51  3131313313333333131311331313113333133131133311333311331313311331333113
  606 51  3313133333111111113333133313331
  612 21  3131333313331133133313133313311333133133333311133333331333333333133313
  612 21  1311311333133111133333333311111
  613 51  1331133131133313313331311311311131113113331333111111331313331133123111
  613 51  3111131333111111113111113113111
  615 51  3331331313333131133311113113131133131133133111113331331313333311133113
  615 51  1131113333311111113333133311331
  618 51  3331131331333131113333131111111333113131313113113133331311331331333133
  618 51  1133131313131111311113113111333
  621 21  1331331313333133133311133133133331131111311311113313331313311333313131
  621 21  1131313133113111113131133333331
  624 21  3331333333331133111313113113331131111131313111133313331331313133313113
  624 21  3333333333311111113131133113131
  625 21  1311111331333331131313311311111131111111313113311131333311311331333311
  625 21  1113131313111111113311133113311
  628 61  1331133133333131333333131113113333333133311313133313131313333333113113
  628 61  1333313333131131313133111333331
  631 31  1131131311331131133113113111331111131133113331113333331331313333113133
  631 31  1331131313113111113111133313331
  634 31  3311331313331333133311113111311313131113333331133333331333313311313133
  634 31  1133133333313311113333133313331
  641 21  3311131313313131133133113311131113111131313113113133331111311131333131
  641 21  1131131313111111311133133111331
  645 51  3331131133333131133313113311111333131131113111111113331133313131113311
  645 51  1133131333131311313313113313331
  646 41  1331133111313131133333111111131331133133113313113113333311311333133311
  646 41  1131131333111111313113113113311
  647 21  3331311313331333131311113313133333131131313311333333331333331333333133
  647 21  1113333333133113113313133113331
  649 21  1311331331333111133133113111131331133133133113111331131311313331313113
  649 21  1131133331111311311131133113331
  653 31  3113331113333313333313113311311313131133311311113133331333311111313133
  653 31  1311331333311111133133113113331
  657 41  3131131113133133133333111313131133131131113123113313111313313331133111
  657 41  3311133313113311311333133333311
  658 31  3311131331313333333111111311311111111131113111113131333333311331113111
  658 31  1111131313113111111131133111331
  659 31  1311331133311131133131111111111133113133331111111313133113313331333111
  659 31  1133133311111111111133131311331
  660 41  1311131133333133133133111111111313113133312113113123111313313131133113
  660 41  1133113333131111313113111113331
  661 31  1311331313311131133111113111331131113131333131113313331133311331333131
  661 31  1131133313113111311333131111331
  662 21  1311133113331331133333113311111333131133313333113133133311311111333311
  662 21  1131331313131111311333131113331
  663 41  1311113113311331131111313311313113111311331131113333331133111311333131
  663 41  1313133113313111111333133331131
  664 61  3311331333333131133333111111111133133131333111113313131113313131133111
  664 61  3331133333111311311113111333331
  665 51  3311131133331133133333111313131133131133133113111333131113313331133111
  665 51  1331113333111311313113113313331
  666 51  1313131133331111133333113111131133131133133113111113313111313331133111
  666 51  1131131333111111113131111113331
  669 31  1331133331333111113313133113111111133133113133131133311311333113313311
  669 31  1113331133311333111131113133131
  671 31  1311333313311333333113113311311133313133111111131333131113313131113131
  671 31  1131133311111111111313131331331
  672 41  3113331333313331133111111311311133113131131131113333131113113311333133
  672 41  1331133313311111111333113331131
  673 51  1331133131333113113313131113111331133133113313131113111311333133113111
  673 51  3131331331131333311111133133331
  675 31  1331333313311131133131111311111313111133131131131333331333111111313111
  675 31  1111333113311131111131333331131
  677 41  1333131311313113313133113113131331133133113313131133111311331133113311
  677 41  3131331331131133313111131133331
  678 21  3111131131313313133113113311111333111331131333131133331313113313313131
  678 21  3111331333331113111113133133131
  679 21  3113331333313331133111111311111133113331133111113333131113313331333333
  679 21  1331133313111111111333133331131
  681 41  1311331333313333333131111311111113111331133131113333331133313331133111
  681 41  1331133313113111311113111331131
  682 31  1331133331333111113313111111133331133133113133131133131311313131113111
  682 31  1131131331131113113111111133131
  684 31  1311331333311333133111111311111333313131133331113333131113313131113311
  684 31  1331133313111111111333111331131
  685 41  1333331333333333333111111311313313113131131311113333131133333111333111
  685 41  3111133313331111311333111331331
  686 51  1311131131313313133133111111131333113131113333111133131113313131133111
  686 51  3331131313111111311313111131331
  688 31  3111331333311333133111111311111333113331133111113333131113331331133113
  688 31  1331133313111111111333111331131
  689 51  1311331313311331133113111111111113113333113131111331131113333131313111
  689 51  1111131113111311311111133331131
  690 41  3311311133311331313111113311111313131133113111111311131133133111313111
  690 41  1111133113313111111133111331111
  693 41  3313311313313333331111113311111333113133333131111333133113333111333333
  693 41  1313133113313111111333113331131
  696 61  1311311113313333131111133111111113313131313111111313131113331131313313
  696 61  1113333113313111311133111331131
  697 31  1331131131313111133133113111131313113133311113111133131111313111113111
  697 31  1111131313311111111131111131331
  698 31  1331333333333333333311133313111313333133333331133331131333333333313331
  698 31  1331333333333113113133133333131
  700 61  1311331133313113133111131313131313133131113111131113131313333133313311
  700 61  3111331333131113313113133313331
  701 51  3313333333311131133111113311111311113131313131131333331313311311133313
  701 51  1131333313331113311133113331331
  702 51  1311331333313333333111111313313313313331131331113333331133333331333133
  702 51  3311133113333131113333133331131
  703 61  3311331333333131333111111311131333113133113111111133131313333131133113
  703 61  1331131311111113313113111331331
  705 31  3311331333313331133111111311111133113133133111111333131131313111333113
  705 31  1331133313311111111333111331331
  706 51  1331133311331113313313131113133311133133113333131113111311333133313331
  706 51  3111331133133133313111333133131
  707 31  1311331113311331133111113311311333311331133131113333131133313311133133
  707 31  1311133313311111111333133331331
  710 61  3313331133311131133133111311111133333333113111111313131213313331133111
  710 61  1311113311111111311113111311331
  714 31  3331131131331131333333111311131333311133313311111113131111313331113111
  714 31  1133111331111311311131331113331
  715 11  3333331333331331133333111311111133113133333133113313131311313131333113
  715 11  1331333313113111113113133331331
  716 51  3313231332333132233333133111311331133133313113133133333131311311333111
  716 51  1331131333311113311131111113331
  718 11  1331133113331333111313113113111331331331113333111133133311313331333131
  718 11  2313133313133333113311133323131
  719 11  3311331133331331133331111313111333132133333111112333231333313331323111
  719 11  1331113332111111311333133313333
  721 31  3311131313333331133133113311111133133111313113111133333333313331333113
  721 31  1331131331311111311333113331331
  722 11  3331131333331331333313113311111133111133333131113311331333313311333133
  722 11  1331133333113111333133133233331
  728 11  1311131313111311133133113111131131311131333113313113111133311331132111
  728 11  3113111311111111311131131131331
  729 41  3311331333333331133321111311111333332133133311111313331123313331333113
  729 41  1331133333111111311133111333331
  731 41  3331131133311333133333111311131333331133133313111313131313313333113111
  731 41  3133113333113111313113133311333
  732 21  1311331113333131133111113111111333111131111111111111111333311331113111
  732 21  1111113313111111111113113313131
  733 21  1311111333313133133111113311121133113131333111113313331133311131313111
  733 21  1111133311111111111133133311331
  734 11  3313331133133131133131133311113333133133333111313313331333313331333111
  734 11  3333333333113111331133331313331
  735 11  1311311133333131133131113311111133333133333111111313331113311331333113
  735 11  3311133313111111313133113311331
  736 21  1311131313311333333113113311331331111331313313113313331131311131333131
  736 21  1131133313133111111133113111331
  737 11  3333131313133131133131112331311133113111331333113113333133311311113331
  737 11  3331133331313113131333113331331
  738 31  1311131331333311133313111311131331131111113313311113311121311331133111
  738 31  1133131333111113313311133113331
  740 11  3111331313133331333111111311111133111131333111113313331133313311333111
  740 11  1331133313311111111333133311311
  746 41  1111131113311131113131111111111111111131111111111111111111311331133131
  746 41  1131131333113111111113131111131
  747 61  3311131133333131133333111312131132133333333113111113131113313331133111
  747 61  2331123331111311311123131233333
  749 61  3311331133331131133133111311111133113331133111112113131113313131113113
  749 61  1131121313111111313133111113331
  751 61  3331333313333131133113113311131313133131133111113313331313313333133131
  751 61  1331133333111111111333131313333
  757 21  3331131333311333133333133311112311312131313331333331331323313133333133
  757 21  1111131313113111111333131331333
  758 31  1131131313311333131333313111111131133311331133133313131333311133313131
  758 31  1133111311133111113131133111331
  759 31  1333331313311331133111113311311333313331333131113311331113311131333133
  759 31  1131133313113111111133133311311
  760 51  1311331333331333333313113313311313131331331331313333333133313331333131
  760 51  1311133113113111113113133333131
  762 61  1311331113333333133113111111331333313331333113111333133113313331333113
  762 61  1133113313111111113113133111331
  763 21  3331331313331131131313113311111333111133313331111113131333311131113111
  763 21  1113133311131111111133131313331
  765 21  1313313111331311133113331131113313133333111133313311133331331131333313
  765 21  1313311113131313313133311131311
  766 21  3131131113313131133111113311313133311331333131111333333333313331333113
  766 21  1131133313111111131333133311331
  767 21  3311131313331331133313113311111133113133113111113113331113311133333113
  767 21  1331133333311113113333133313331
  768 21  1311131313331331133133113311311333113131313131113131131233311113333313
  768 21  1331331313113111333133133111133
  769 61  1311331333333131333133113311313331111331313131113313331133311331333131
  769 61  1331333333111111313133133331331
  776 21  3331331333333333333113131311113331111331133131313313331313313131113111
  776 21  1111133333111131313333331133331
  777 51  3331131333333331133113113113131132133133113113111113111311313131133113
  777 51  1311131331111111111313111111331
  779 21  1311133331333133333313113311311333111133333313133133331333313133313131
  779 21  1111333333113111111333133113131
  781 21  3331333333333311133111111313111333133133133133131113331313313133333133
  781 21  1131331333133111111133131313331
  783 21  3331133133331333333313133313311333331133333313113313331333313333333113
  783 21  3331313333333133333133133333131
  785 21  3311131333313331133111113311111333111331313331311313333133313131313133
  785 21  1333131333111111111133133111331
  786 41  1111311333333133133313113311111133111333333311113331331333313331333133
  786 41  1133133333111111311133111311331
  787 21  3311133333333133333311111311113333131133313311113313331333313133333113
  787 21  1331133333111111113113133313333
  788 41  1333133113331111133313111311111331313131133333333333331331311133113331
  788 41  3331333333113113113133333313313
  789 31  3311331333331131333333113111131331333133113113133113311311313131133111
  789 31  1331131331113111311111131113333
  792 51  1313131333313331113111111113131131111131113111113113331333313131133113
  792 51  1331111313113111111333111331331
  793 61  3311331133333131133333131111131133131333113113111313131311313331133313
  793 61  1131113313111113311133131313331
  794 31  1331311333313331113313113311111313111133323333311133333333333131333111
  794 31  3313113133113311111333133311331
  798 51  1313131133333131131133111111131131133133313113113113111313313331133111
  798 51  1133111333111111111133131111331
  799 51  1331133333333131131313133313131313131133333111333333331333311133133113
  799 51  1133131333113313113333133313131
  800 11  3311131133333331133313113313111133331133333111111113331113313131333113
  800 11  1131111333111111111313111333331
  801 31  1311331133333131133131111311111133111131333111111313131113313331133113
  801 31  1331133313111111111133111313331
  802 51  1111331133331131131122221222122211212111223111333311131133313311133313
  802 51  1131113313311111111131133313331
  805 11  1111131133311331133113111313131313133131131113111313111113313311333313
  805 11  3333113113313113311331113333311
  806 21  3313331133313331133111133111131113131133131133111113331113313131313113
  806 21  1333131133113111113331131111331
  807 41  1113131113333111333131111311111313131133111131111313111111113331133111
  807 41  1113113111113111333133131111131
  810 41  3311331133313131133113111311111133313131133111111313133113313331133111
  810 41  1331113311111111311113113311331
  811 21  1311131113331331133311313311111133131131333111113113131113313331313111
  811 21  1131333311111111111133131311331
  814 31  1331133331333311313313113313331311131133313313133113331331313131313131
  814 31  1311331333113113113131133113131
  815 21  3331131311311313113313113311131311131111111311111131311331331111113131
  815 21  3113131113333311313131133131113
  817 21  3311331133333331133333113311111133113331133111113113131113313131333113
  817 21  1331111333111111311133131333331
  818 21  1313311333331333133111113311311113311131113113113331331133311311133133
  818 21  3311113113311131113133333311131
  820 31  1111131333333111133113111111331131133133113113113113311333311131113313
  820 31  1131133333111133113131311131331
  822 51  1333331333333333333131113311313313311131333311113313331333111311333311
  822 51  1113333333333111333333311333331
  823 31  1331331333313331313133113313113333113333313313133113331333113133333133
  823 31  3131313333113111313333333333331
  827 21  1311331333331331113111113311111313133131313111113311331333313331313131
  827 21  1131133333111111113133133313131
  829 51  3333333333331133133313113311113331131331133313133311333333313333133111
  829 51  1133133313113113113313333333131
  830 51  1333333131333133133313131113131331131133313311111333331313331333313113
  830 51  1131111333131113113131133313331
  831 21  1311131313111331133111113311311113111131333131113331331313311111333133
  831 21  1111133313313111131333133311131
  833 51  3331333313333133131311131313111333131131313331133331113333313333133313
  833 51  1133133333331313111333133333331
  838 21  1331131111331331131313111311111311133131313113113111311313311113113111
  838 21  1113131333311111113133133113131
  842 31  1331333333333313133313133113111333333133333331113333331333313133333113
  842 31  1113133333133111113331111133331
  843 31  1133113111111113311111331133322321112111311333331111313111131113111311
  843 31  3113321121233333133111212133112
  844 51  3333131133313131133323113111121332111131333113113113331313313331233131
  844 51  2331113313111111313113131212321
  845 31  1311331333333331133111113311111133113133333311113313331133313331133113
  845 31  1131133333111111311333133311331
    3 20  1333331333331131133313111311111333131133113311113313331333311331113111
    3 20  1311133313111111111133133313331
    6 10  3333331333331331133133111311111333111131333331113313331111313333113131
    6 10  1311113333113311111133133311331
    7 30  1331333111333333331313113113331311133113333311133113311331311113333131
    7 30  1133331333133313113333133113331
    9 20  1131331331111133333313113313311333131133333113131113311333313131313131
    9 20  3311313333131133133313113133331
   10 50  3331333131333133133313111111133331133133313311131113111333333131113111
   10 50  1331133333131111321113131113331
   15 10  3331333133331331133313113311311333131133133311113313331313313131333113
   15 10  1331113333113111311333133313331
   16 40  3311333333331133113333111113133331131333113111111313311331313311113111
   16 40  3231311333131311111131111133331
   17 20  3331331133333331331113111311111333131131133111111333331313313331133111
   17 20  1333113313111111111313111313331
   21 50  3331323133333131133333111311131333131133333113113313131313313331133111
   21 50  1331113333111111311133131333331
   23 10  1333131133331131133311131313113333133133333331113333311313311133333111
   23 10  3311333333133131111133133133331
   31 10  1132333133333131133331111311111313133133333131113313331313313131133113
   31 10  1131113333111111333113133313331
   33 10  1311331133311331333112111311111333113133333131113333331333313331333111
   33 10  1313113333113111111333111313131
   35 10  1333333313331313331311131313111131133133333113133113331313313133133311
   35 10  1333131333111113113133333113131
   36 10  3131331333331331131111131113111333131133313131111313333313313131333131
   36 10  1133333133113113111133133331131
   39 20  1331333333333133133331111311111331111131133111111333331333311313133111
   39 20  1331113313111111333133131313331
   40 20  3133333133333133333313131313111333131133333313133313331313313133333113
   40 20  3313313333131113113333131333131
   42 20  1111333333331133133311111311311313311133333111113313331313313113133111
   42 20  1311113333113113113133133313131
   43 50  3311331133333131133333111311131333133133133313111113131313333111133113
   43 50  1131123333111111313113111313331
   44 40  1311131333331131133311113311311111131131111113113113331313313133333131
   44 40  1311133313111311113131133333331
   46 20  3331133133333331333333111113311133131131333313111113131313313131113111
   46 20  1131331333133111111133133113331
   49 10  1111331333331131333111113311111133111131313131111313131313311131333113
   49 10  1311133313113111111333133331131
   50 10  1311133131331331113133113311131131113131113113133113131311313131133111
   50 10  1333111333111311333133133111331
   56 20  3331133131333313133333133113131311331133333313131313311333311133131111
   56 20  1113333333133313113131133113331
   57 40  1331333313333333133333111111331333131131333313113311331313311313133131
   57 40  1311133333333111113133133313131
   60 20  1331133113333331131313111113111111131131313111133113311332313133313111
   60 20  1113311333111111111131133113131
   61 50  1313331333333331133133111313111133133133133113111313131113313331133111
   61 50  1331113331111111111333111313331
   67 30  3311331133333133331331111111111333133133133313113333331313313331133113
   67 30  1331133333111111311313131313331
   68 60  3331333133333333313331111111131331131133113313113311111311313333133111
   68 60  1331313333131111113113111313331
   69 10  3131333133333131133313131311111133111133313131133133111313311333133113
   69 10  3133133333311313313133133313331
   72 20  3313331133313131333131111311111133133133133111113313111313313331133113
   72 20  1331113313113111313113111311331
   73 10  3311131133331131133313111313111333131133313311111313331313311111133131
   73 10  3331111333111311313333133113331
   75 10  3311331133333333133133113313111333133133333313113313131313313331333113
   75 10  1331113333131111311313131313331
   76 40  3331331133313331133313111111131133133133133111111313131113313331133111
   76 40  1131113331111111311113111313331
   77 10  3333333133333333333313131313311333131133133331133333111313313333133113
   77 10  3133113333133313313133133313331
   78 10  1331133133333131133331111313111113131133313113131313131333313133313111
   78 10  1133133133111311311113131313333
   83 50  3331331333333131133333113313331333121332333313111313133313311333333113
   83 50  1331313333111113311112131313331
   84 40  3331331133333131133313111311111333133133113311113313112313313133133111
   84 40  2131113323121111313133131311331
   85 30  1311131113333131133113113111131131131131113113111311111331313131113131
   85 30  1331133313113311311131113111331
   87 10  1333333133331333333313111313111313111313313331111331333313331131133111
   87 10  3311133333111111113333133313331
   88 40  3333333133333131333331111111131333133133133313111313131313313331113113
   88 40  1331113333111111311113131313331
   93 30  3311131133313331131131111311112333133133113113113311133113313331133111
   93 30  2331313311111133331333111311311
   94 30  3311131311331133133311111311111331133133313311111113311113311111113113
   94 30  1111131133311311111131133113331
   98 10  3311133133333331333113111311311311111133133131133313131333313313113113
   98 10  1311331313313311131333133111131
  101 50  3313331333311131133333111311111133133133333111113333131113313331133113
  101 50  1331113313111111311133111331333
  102 40  1311333313333113131113131313111333131133333331133333331333333133333313
  102 40  3333331333133113133333133113131
  106 30  1331333133331131113333111313111333131133113113111113111113313311133111
  106 30  1331113333311311313133131113331
  110 10  1331133131331333133313131313131311331131111313131113131311313131133111
  110 10  1131311333131113113131133113331
  112 20  1333333333333131133311131113311333133133133313111113331313313133113313
  112 20  1331133331131313311133133113331
  116 20  3331331133331333133313111313131333131133113313111313111311313133133111
  116 20  1331111331111311111133133313321
  117 10  1331331133313331133313111311111133333133333113131113311313313331333111
  117 10  1333313331111113113333111313331
  119 30  1333333133333133333313111313111333111133133311131311133333313333133111
  119 30  1131333313131111113133333333331
  121 60  1311131133313131133333111311111133133131113113111313313313333331133111
  121 60  1131131313111111313111131111311
  128 30  3311331333313131131111113311111311111111333131113333331333311111133133
  128 30  1113133313313113111133131311331
  130 50  3311333133313131133333111311111333133333113113111113131113313331113111
  130 50  1333113331111111311113111311331
  136 40  3311331333333133333333111111111333133133133111111313331313313333133111
  136 40  1333113333111111111133113313331
  137 40  1311131333311131133331111311111133133131313113111113111313311331113111
  137 40  1131111313111111111133133113331
  138 60  3333331333313131133333111311311333133333113313111313111313333333133111
  138 60  3331113333121111313313131333331
  140 40  1331331133331133133313111311111333131133333311113313131333331333133113
  140 40  1111133333131111111133133313331
  141 10  1311111333313331331113133313113133111333113111111313133313313113133311
  141 10  3133113333313111311333133311331
  142 10  1311133333333131133311111311311333133133113111131313331311313331333111
  142 10  3131333333333113333133331133333
  143 30  3313131133333131333333111311131333131133113111111313131313313331133111
  143 30  1331113333111311311113131313331
  149 20  1131331133333131333313113313111333131133333131113113331133313331313131
  149 20  1311331333113311313333133133311
  156 50  3311331133331333133333111313111333331133333311113111131313331333133113
  156 50  3331133333211111113333133313311
  161 10  1311331333313331133331111311111333111131333311113313331333313311333111
  161 10  1331113313111111111333131311331
  162 10  1333333333333333333313113313131331131133113333131313331333313133133311
  162 10  1311313333133113311333133313331
  166 10  3331331133333133133313113313111313131331333331113333331333313333333111
  166 10  1331133333111111111333133313331
  167 20  3333133133331333133313331313331333331133113333133331331333331133333131
  167 20  1133331313133311133313131313131
  168 10  3311333133333331133333111311111333111133333111111333331113313331133111
  168 10  1311333333111311111333133333331
  171 40  1311331333333131133313111111311333133133113111111313131113313331133111
  171 40  1131113333111111311113133313331
  176 20  1331333131333331133313131313111333131133113313333113311313311333133333
  176 20  1131111333131113313333133113331
  179 10  3331333133333333133313131111111333131333313311131313311333311113133113
  179 10  3331113333313113113131133313131
  193 20  1111131133331131133333111111111333133131113113111113131313313133133111
  193 20  1131111331131111311113131113331
  196 50  3333331133333131133333131111111333111133333313131313131313333331133111
  196 50  1331313333133313311113111213331
  199 50  3131331313333133133313111311331313131133113311111113311333313131133111
  199 50  1333133333111311313313131313131
  200 10  1311333333311331333331111311131333113131133113133313131313313331333111
  200 10  1331313313111111111133133311331
  201 20  3311131333331131133113113111111113131333331133111113311133313131113111
  201 20  1131111333111311113133133113331
  202 20  3311331333313131133333113311111331133133133331113313131333313331133111
  202 20  1311133333131111313133113313331
  203 50  3311331133333131133313111111111333131131133111113313331113333331133111
  203 50  1131113313111111311133113313331
  204 20  1331133313331231333313111313131311111111311113111111131313311133313113
  204 20  1331111333111113113133133113131
  207 30  1333331333313133133111131311331133113331131111133331331313313333133313
  207 30  3331133113113111111313133313311
  211 30  1333331333333133133313111311111333331133133331113313331313313333333111
  211 30  1311133333111311113133111313331
  212 10  3313331333331131133131111313311333131133131331111333133333313331333113
  212 10  1131313333133111113333133313331
  218 30  3331133133333133133313111313111333131133333313133313131333313333133311
  218 30  1311313333131333313313133113331
  221 20  3331331133333331133333111111131333133131333311113313331313313331133113
  221 20  1333313313131111111133131313331
  222 50  3311331133313131133333111311111333131133113113111113111113313331133111
  222 50  1331113333111111311113111313331
  228 30  3131133131333132131313131313311331333113333333313113331333331133313133
  228 30  2113133133331311113333133113331
  230 20  3133133311333133313313113313333313131133113113131111111331311133313113
  230 20  3131131333113113313111133113131
  238 10  3333333313331333333311133313331311331333113313133113331333331333333331
  238 10  3331331133133113113333133313331
  239 20  3311131133333331133333111111111313133131133111113313131113313331133111
  239 20  1331113313111111311113311311331
  240 10  3131133133331331133313113313111113333131313113111313331313311131333111
  240 10  1311231333111111113113133313331
  241 20  3133313333113331311331111133313113331311311313312222231313313131333131
  241 20  1333133333111111113333133113311
  247 20  3333333333331131333311113311111311331133331311113133331333333131133131
  247 20  3331331333131113113313113113331
  248 10  3313331313333331133111111311111133131133133311113313331333313331333111
  248 10  1333133313113111111333133313333
  251 20  3311331333313131133311111311111333111131333111113313331333313333133131
  251 20  1111113313111111111133113313331
  253 20  3311333333311131133111121311311333131331331111113333331333313331333133
  253 20  1131133313111111111333133313331
  256 10  1323331113333131133131113313111333131133333111113313331313313333333111
  256 10  1331313333131111311133131313331
  259 30  1333331133313131333133111311131333331133133111111333131311313333333111
  259 30  1331113313111311133133113133331
  264 40  3331331133331131133113111113131333111133133311111113131313313131133111
  264 40  1333111131111311111113113313331
  267 30  3331131333333213333133113311111332131133313313111313111313313111133113
  267 30  1333133331231113111323131313131
  270 60  3311331333313133133313111111131133133133333111113313331313113331113113
  270 60  1331333333111113111233113313131
  271 30  1311131133333131333113111311131333131133133111111111331313333131133113
  271 30  1131113331111111111113111111331
  272 40  3311333313311331133313131113331331331133313313131113333121333333311311
  272 40  1133133133313311311311113111311
  276 50  1311333113333131133131111311131133133133133113113313131113313331133111
  276 50  1331313313111113333313133331331
  278 20  3131133133333331333313131311311333131133133133311313331313333331333133
  278 20  1111333331113113113313133313331
  280 10  3333331133331333133131111311131333131131333111113333131313313331333113
  280 10  1313133333113111113133133313331
  286 20  3111331333333131133311111311111333131331313111113313331333313331133111
  286 20  1333123313111111111333133313331
  289 10  1331133111331333333313131313111333131333313313133313331333313133333131
  289 10  3331333333133111111133133113131
  295 10  1333133331331313133313131113111131131133113313131313111331333133133311
  295 10  1333313133131313311113133133331
  297 20  3331133333333331333333111311111313331133313113133311331333311133113113
  297 20  3331311333331111113133133113131
  299 10  1313333113311333133112111311311333111331123131111313333133313331333113
  299 10  1131113333111311131133133311331
  300 20  3331331133333131133111111311111333131133133331111113131313311131133111
  300 20  1311111313131111131313133311311
  301 20  1333131333313131133333111311111333333133113113111113131333313111113111
  301 20  1311111333111313111133133113331
  303 20  3331333133333131133313111111131333111133113111131113311311311133113311
  303 20  1331333313111111111131133133331
  304 10  3331333333331133333313133313111313131131313331113311331313311133333113
  304 10  1113133333331111131133133313131
  307 20  3331333133331333133313111313111333131133333313111313311333313133313113
  307 20  3313313333333111111131231313331
  309 10  3311333133333331133333111111111333133131133113111313131313311331133111
  309 10  1331113331311313113133131313331
  313 50  3311331333331131133133111311131333131133111111111313111313333131133113
  313 50  3311133313111111111133131113131
  315 10  3311131133331331133113113111111331131313331111113133331331313331333111
  315 10  1331113333111311311113133311331
  318 10  3311131333333131333313111313111313131133313133111313333331313133113111
  318 10  1131113333113111131133133313331
  320 30  3333333133333131133331111111111333131133313313113313131313313333133111
  320 30  1131113333111311313133131313331
  321 20  3313331113333331133311111313111333331133333311333313131113311331133113
  321 20  1331133333111111313313113313331
  322 20  3331133131333131133313131113131333131133133313131113111331313133113311
  322 20  1331111333131111113133133113331
  324 10  1311331133313131133113111311111333131133333311131313331333313331133111
  324 10  1311313333133111311113111311331
  326 30  3331331133333131133313111311111331131133113111111313131333313133133111
  326 30  1311133133113111311133133313331
  327 20  1311131333311331113313111311311113113133313111113313131313311133313111
  327 20  1311133333111311131113133113331
  329 10  3331333133333333333313111313111333131133333313131113331313313311133111
  329 10  3331131333131111313313133111331
  330 40  1313331133111131133131111311131113133133111111111113111113313331133111
  330 40  3133111311111111311113111311311
  331 10  3331131133333331133113111311111133113133133111111313331133313131133111
  331 10  1331113311113111311133113311331
  341 10  3333133313331131133313111313111313131133333333131313131313313133133111
  341 10  1311113333331333313133133133331
  342 50  3331333333333133133313111111131333133133333313133313331313333333133113
  342 50  1331113333113311113113131333333
  344 10  3331331333311131133313111113131333131131133113131113131333333131133311
  344 10  1331111313111113111313113331331
  345 20  3333331133333131333313131313111331131133313331331313131333313133131311
  345 20  1331333333111133111133133333331
  350 10  1311131133331333133132133313113333111133313331113113331333313133133113
  350 10  3311113333313131111333133113331
  351 20  3311331133333331133333113313111333331133333313133313331333313331333111
  351 20  1331313333133311113133133313331
  352 50  3311231133333131131313111113111333133111333111113311331113333131133113
  352 50  1113113313111111111133113313331
  353 10  3331333333331133133311133313311333131133333111133313331333313313333113
  353 10  1311133333313113111133133333331
  354 40  3331333131331111133333111113131333333133313313131113111313313133113111
  354 40  1331311333131113113111111113331
  355 20  3331331313313331133113111311311333313331333123113311333133113131333113
  355 20  1313133313133111133333133311331
  359 30  1331333113311131333313131113131333133331113311131113311333113333333113
  359 30  1331313333133113311131133133331
  361 30  3311331333331131333313113311111133131133313131113333131333311111113131
  361 30  1331131333311311113133113333331
  362 30  1311333333323131133111111311111333131133233331111133311333331113133133
  362 30  2211131333333111113133133313131
  363 10  3333331333333131133313111311111233111133333311131333331313313311333131
  363 10  1331333333133111113133133313331
  367 10  3131332313333333333311133313113333131133333311131313131333313333333111
  367 10  3331313333131313311313133313331
  368 40  3331331133311131133332111311131333133133133113111313113313333333113113
  368 40  1331113333111311111121133313331
  369 20  1311331113313131133331111311111133111333113113111331131333313131333111
  369 20  1333111313111111311333133333331
  372 50  3311331333313131113333111311133133111133333111113313131113313133113111
  372 50  2331133313113111313113333333331
  376 20  3311331133333131133333111311111333131133313111111313131313313331133111
  376 20  1331113313111111111113111313331
  380 10  1333131131333331333313111313111131131131313113111333131333313331331111
  380 10  3331313333131313133131331131312
  381 30  3331333113333133131113131311111333131131313311111331131333311113313111
  381 30  1113133333111113111133133111331
  384 30  3313333333331131333311111313311333131133333331111333131213313133332111
  384 30  1311311333133113111133133313131
  385 10  3331333131333131133313131313311333133133133113131113131313313133133113
  385 10  1331311333131133313133133313331
  387 10  3131333113333131133313131313111333131133113311131313131333313331333113
  387 10  1331113331131313313313133313131
  393 10  3313331333331333333333111313311333333133333311133333331333333333333113
  393 10  3333113333131111313313311313331
  394 20  3311131133313331133331111111131331111133113311113313131313313331133111
  394 20  1331113333131111111113131313331
  396 10  3131331133331331131313113311111313131131333331311313333333131133333113
  396 10  1313333313331311313333131313331
  401 10  3313331333313331333311111311111333133131313111113333131313311111333113
  401 10  1311113313131311313333133313331
  404 20  1311331133333131133333111111111333133133333111111113113113313331113111
  404 20  1331113333111111111113111311331
  408 10  3333331333331131133311111313111133333133313311133313331333313111133113
  408 10  1311133333111111113133133313331
  413 10  1333333133333331133333111313111333113131133331131313333313313333113111
  413 10  1331113313111111113313133313331
  414 10  3331131131331131133113111111131133131133133113111113131313313331133113
  414 10  1131113313111111111113111111331
  415 10  3313331133311331133133111311111333131133313111113313131313313131333111
  415 10  1331313333113111131133133313331
  416 40  1311331333313331333333111311131133131131113111133313131333313331133113
  416 40  1131133333111111113133133313133
  417 10  3331331133331333133313113311311333133133333311311133311313313331333113
  417 10  1311131333311111313333133113331
  421 60  1311331133331331133333111311311113131131133113111313131113313331133111
  421 60  1131131311111111311113133311331
  423 10  3311331133333331133131111311111333133133133311113313131113313331113111
  423 10  1331113333111111311113111311311
  424 10  3111331133313131333111113311111133111131333111111333331113311331333113
  424 10  1113133313111111111313131311331
  426 10  3333331333331333133311131113311133131333133311133333331313313133133131
  426 10  2311131333113113313123133313331
  427 10  1331331313331331133111113313111133331133333131111331331313313331113113
  427 10  1331133333111111111313131313331
  430 10  1331131133333111133333113113131333131133313113111113331333313131113111
  430 10  1133113333111111111131131113331
  434 10  1313131333331131133311111311111313131133313311111311331333313331313111
  434 10  1331113333133311111133133113131
  438 20  3331131333331131133333131313111331131131313313113333113333313331133311
  438 20  1331333313131113331113131113311
  443 10  3331333313333331131111113311311133311331133111331333331313313331333113
  443 10  1333133313313311311333133313331
  445 40  1331331133333133133313113311111333331133133311113113131313313133133111
  445 40  1111131313111111313133133113331
  450 20  3331333131333131133133111311111333133133113313111333131313313333133113
  450 20  3131133333111311111313133113331
  451 10  3311311333311131133331111311111133131133333113111313131333311111333111
  451 10  1131133333311111111133133313331
  452 40  3313333333333131133133111311133131133331113313111113333311313331133111
  452 40  2131331333111111311133133313331
  453 10  3333133133333331131311113313111331131133333313313133331313313111333111
  453 10  1313333333131111311333133113331
  454 40  3313131333313131133111111311111123332131133111113113131313313331333113
  454 40  1331133333111311311133133313331
  456 20  1133333331333131131313133313111313131111313111311131331333331133333131
  456 20  1133333313133113111333133113331
  458 10  3333131313331333333313133313311311131133313331133133331333311131333331
  458 10  1311331333113113113333133313131
  459 40  1131313313333133331111111313311311131131333312133313331333313133333113
  459 40  1333331333113113111333131113331
  460 20  3131133133331333333313133313113333131133313313133113331333311133333331
  460 20  1131331333133113113333133313331
  461 10  1333133333331111333313113113131311131131311313133113311331311113313131
  461 10  1311111333133113113133133113131
  462 10  1311331113331131133331111313113333131133333111133313131333313111133111
  462 10  3331113333113133111133133313331
  463 30  3331333333333331333313113313131313131131333131113113331333333333133111
  463 30  1331331333113111113131133333131
  464 10  1331133331331131333333133313131331133131113133133111333311311113313113
  464 10  3311131333113111113131133313333
  465 10  3331133331333313311313131313111331131133113333333133131331311113113311
  465 10  1113111133333313133133133113331
  466 10  1333333313311333131113113311111313111331313311131113331333313113333131
  466 10  1111331333113111113133133313331
  467 10  1331133311331133311313131111111333133131313113331113311311311133113131
  467 10  3313311333111113131333133113131
  468 10  1113333313331331333111113311311113133133333131113333331313311133313131
  468 10  1111333333113131111333133313331
  469 40  1331113113311131131333113311311331133133113313313331331313331333333313
  469 40  1333333133131113113113131113331
  471 10  1313331313333333333311113311311313131131333331113313331333313331333131
  471 10  1311313333113111313333133313331
  472 10  1131133313333333133313113311111313131133313133313113331333311111313111
  472 10  1111331333113111331333133313331
  474 30  3111311313311131131111311311111133311131331111311331131133313331323113
  474 30  1133333313111111311113131311331
  476 20  1333333311331131333313133313111133113133311131131113331313313133313131
  476 20  1311311333113111131333133313331
  477 10  3111131113313331131113111311111113111311313133311331131133311111333111
  477 10  1113133313311111311333113311131
  478 10  3331133313333331333313133313111333131131333311131313131333311133133111
  478 10  1333333333111113333333133313331
  479 10  3131331313311331333331113311311333131133333311131313331333313331333133
  479 10  1331333333113311113333133313331
  480 10  1111333313311333331313113311111313111111313133113133333333333311333133
  480 10  1113133313133111131333333313131
  481 10  1333131313331331331313113313111131133113313133311111331333311133333111
  481 10  1333331333113113113331133313331
  483 20  3331333133333133133313131313113333133133113331131311331313313333113111
  483 20  1111333333133113113113133333331
  484 20  1131333333331131333313113313113311131133313113131313331333311113333133
  484 20  3311333333313133133333133333111
  486 10  1333133333331333333313113313111333133133313331133133311333313111333131
  486 10  1111131333111111133133133113311
  487 10  1331133331331113333313133313111131131131113111333113331333313133113313
  487 10  1331333333311113111131113113131
  488 30  3331311113113331133313131311331333333131333313311313331333313131133133
  488 30  1131313313113311313333111313333
  489 20  3131331333333133333311111311111333131133333311133313331333311331333313
  489 20  1333333333113111111313133333333
  490 10  3331331313331331333113113311311313131331333131313311331333311331333133
  490 10  1313333113113111111333113313131
  491 10  3111331313331331333313133311311113111331133111113313131333313331333111
  491 10  1333133333111111113313133313131
  494 10  3111313113313331133113113111131113133313333111113113131113311331333111
  494 10  1333133313313111111133133313331
  495 10  3131331333311331133111113311111333111331333111113331331133311311333111
  495 10  1331113313321111131333133311331
  496 40  3331133311333131333313111111333331131133313333133113331333333113333133
  496 40  1331331333311113113133133113333
  497 30  1331113131331131333313113313133313131131333111133113311313211333113131
  497 30  3313331333133113111131133113131
  498 20  3111333333323131133113111311111333133133113211113313131333313131113113
  498 20  1331123313111311111133133313331
  499 30  1333133111333333133313133113131311131133113313131113113331331133113113
  499 30  1111311333133113311331133113331
  501 20  3131133333331131133313131313113333131133313313131113331333333133113333
  501 20  3331333333333133113133333313311
  502 20  3331333333331111133313131313111333133133133311131113331313313333313311
  502 20  1311133333113113113113113313331
  503 20  3331111313333131133313111311131133133131333111111113311313313331333111
  503 20  1333111313111111313133111111333
  504 50  1331333313333133133311131313311331131131323311133113331333331133113311
  504 50  1331311333113133111111133313331
  505 10  3331311333313133113333111313311333133133333311113313331313333331133113
  505 10  1331113333131113313133111313331
  506 10  3311333133331133333133113311131333133133113311113313331333313333113113
  506 10  1331113333131111313113133313131
  507 10  3131331313331331133311111313111333131333333311131313331333311133333113
  507 10  1333133333133111111313133313331
  508 20  3131113311313313133313113111111313131131313313111113311331311133133133
  508 20  1131131313331111311113111113131
  509 10  3333111111333331333313113311111333133131333311113313331313313131333131
  509 10  1311333331131111111133133113331
  510 20  1333133131333113113333131113131331133133113313131113331311331133113111
  510 20  1331311333331113113131133113131
  511 20  1311133133333131133313111111111313131133111311111313331313333113133111
  511 20  1311111333133111111131133313131
  512 10  1331333131331313331313133313331331131133113313131113311333313113113331
  512 10  1313111333333133113131133113331
  513 20  3333133333331311131313131313131311131113113333331113331333111133313133
  513 20  3313311333133133111333133113333
  514 10  1311131133313131113133111111131131113133113133111111131111311131113111
  514 10  1131111313111111311111133111331
  515 10  3331333333331331333111113313111333131133333311111113331333313133333111
  515 10  1131113333111311111333133313331
  516 20  1331333133331333113313113311111133111331311312133313333333311133313111
  516 20  1313113313113111111113133311131
  517 10  1333131133333133331311313313111313133133313331133331331333331333333131
  517 10  1313131333133113313333133113111
  518 20  1331333333333333333333123113313333133133331313133313331313311313333113
  518 20  3311333333131113113333133333331
  519 20  3311331133331131133313111313111133131131133113111113111313313131113111
  519 20  1331133333131331313113111113331
  520 20  1311331333333331333313113311311313131333133311113313331333313313333133
  520 20  3333133333313111111333133313331
  521 10  3331333133333331133311131311133333131133333311131313331333331313133313
  521 10  3333313333132113331333333313331
  522 20  1331133131333131131313331311131311131313333313331133113333331113133311
  522 20  1313131333133113113133133113131
  523 10  1131331313311333333313113313111113133333333131111333331113113113333131
  523 10  1111322113311111131333133313131
  524 20  3331133133333131333333131311113333133133313311131313331313313133133313
  524 20  1133133313131111311333133333331
  526 20  1331133333331131133311111311111333133131333133131133331333313113133111
  526 20  1313333333311111311331133113331
  529 20  3331131313333333131311112311112333331131333311113113331123313331333113
  529 20  2113111313111111111133131313333
  531 20  1311331133333331133111111313111333111131313131311311131333313131133111
  531 20  1133113333331311111133133313331
  532 10  3311131133313331133313111311111113111131333113111333331313313111113111
  532 10  1331133313113111111333133313331
  533 20  3311331133313331133331111311111133123131133311113333331313313331113111
  533 20  1311113333111111311313111313331
  534 20  3311331112333333133333111313111313131131333111311333331333313131333111
  534 20  1111113311111111111332111333331
  536 10  3331333333333131133311131113331331133133333311131313331313313333113313
  536 10  3331113333111133313133131333331
  538 10  3131131313331331331313313311111113111131313131131333331333311111333133
  538 10  1111133133313111111333133111331
  540 10  1131333313331333333311333311311311131311333111113331331313311133333333
  540 10  1313333333333131111333133313331
  541 10  1111331333311331333113113311311111311331313133113331333313313111333133
  541 10  3113131313111111111333333111331
  542 10  1331333133331333133313113311113333333133313313111313331313311333133111
  542 10  1331113133133113311333113313331
  543 10  1333333333333133333313133313311333131133133311133313331333311333113133
  543 10  1331333333313113133133133313331
  544 20  1311131331333131133313111313111333133133313131111113111133313331113111
  544 20  1331111333133111311133113113331
  548 20  1333313133333333333131131311311313131333333131113313331333333313333113
  548 20  1111313313133111313333333113333
  549 10  1331133331331133333313133313311333133133333311113113331313313333313133
  549 10  3331131333113313113133113133113
  550 20  1333233133313333133313131111311123333133333311113113331313333133333111
  550 20  1333311313111111111133133113131
  551 20  1311131133331131133113111311111133131133111133111113111313311131113111
  551 20  1131131333111111111313133113331
  552 20  3333133333333333333333131311111333333133313313131313131311313333333311
  552 20  1331313333131131311333133333333
  555 10  1331333331331133133313131313132333133133313331113333331313313313333113
  555 10  3133333333133111113133133313131
  556 10  1331133113331331133333133313131133111131333133131313111313331313113311
  556 10  1133333333311113311333133113331
  557 20  3331333333311331133313113311311113131111133111311311311333311131131113
  557 20  1111333333111111111333133313331
  558 20  3131331313333133133313131313111333131113133313111333331333313131133113
  558 20  1313313333131133111333133311333
  560 10  3333131133331333133331113311111313113133113111111133331133313131113111
  560 10  3331113333111311111333111313331
  561 20  1313331133321333333313133313111333333131113133131313331313313331113313
  561 20  3133313333131111111133113313331
  562 20  1331333133333131133311131313311333131133333131131313331333311133113313
  562 20  3133133333131111113131133313131
  563 20  1311131133313131133133111311111313113133111133111113331333313331133113
  563 20  1331113313111111311313133311331
  564 10  1333133333333331133332131313111333131133313311111113331313313133133311
  564 10  1111131333113113111333113113331
  567 20  1313131313313131131333113311311111113331333333111113331313313111333131
  567 20  1313131333313111111333133313331
  568 20  3331333133331333331311111311111333131133333111111333131313313331133131
  568 20  1331113333133111111133133313331
  569 50  1311331333313133133333111313312313131113113313111113331313313131113111
  569 50  2131131331113111111133133111331
  570 20  1311331133313331133333111311111333311131133111111113131313313331113111
  570 20  1333313333111111311133133313331
  571 20  1311331333333131133311111313111333131133333311113313331313313131333111
  571 20  1311333313111111111113133311331
  575 30  3331311333311131133333113311111311133131113111311333131333311331133131
  575 30  1131133313113111113133133313331
  578 60  1333131133333133113311111311131311112131213133131133131311313111113111
  578 60  1113111313231321113131111113333
  580 20  3311331133313133133331111311113333133133133311113313131313313331113111
  580 20  1331113333133111313113111333331
  582 20  1311131333313113333313111311131331111133313113113113331331311133333133
  582 20  1111331313111111111333133113331
  583 20  3111231133313331133111111311111133113131133111111113331313313311333113
  583 20  1131111331311111311133113213331
  584 20  1331131331331313133333111113131311333133113313111113311311313133133111
  584 20  1131131333113331113111131113331
  585 20  3331331113333311131313111311111331331131113311111113331333313133133133
  585 20  1313131333111111111333113113331
  587 20  1311133333331331333313111311311133111131313133133113331333313131333133
  587 20  1331133333111311111333133111331
  588 20  3311311313313331133111113311113133113131333111313313331313111331331111
  588 20  3133133313111111111333133311331
  589 50  3313331133333131133131111311111331131133113113131111131111313311113111
  589 50  1311113333111111113313111113111
  590 20  3331331333313331133313111311111133111133113111113313331313311331333133
  590 20  1331113313111311111113133313331
  591 20  3311331313313331133313113311311313131131333311111313331333313311133133
  591 20  1111113113313111111133133313131
  592 20  1333131333331133131313131313111313111113313313113113331333311133133112
  592 20  1311131333111111111133133113131
  593 20  3331333133313331133313113311111333131331133311131331331333311133133113
  593 20  1111131313313311313313133113331
  594 20  3333333133331133333313131313311313131133133311131113331313333113133133
  594 20  3311313333131333133133133113331
  596 20  1331133331331331333313113311111313131131313113113133131311313111113131
  596 20  1111111323113111111133133113131
  597 20  3311331133333131133311111311311313131133333311311313131113313311133113
  597 20  1131133333111111313333133113331
  599 30  1311131331313331133313113311111131313131113113113133331313313131333111
  599 30  1331131313313113313331133113331
  600 20  1311311333333331133133111311111133111131113113111113331133313131313111
  600 20  1311111133113111311333133113331
  601 30  1311331133313131133133111311111333131131313111111313311133313331113111
  601 30  3131113313113111311133133333331
  602 50  3333331333333133333313113111312313131331113333113313311333331331333333
  602 50  3111133133133113113113333223331
  605 30  3311331133333331133331111311111133113131133111311313131113313311133133
  605 30  1331113311311111313133111313331
  607 20  1311331313313133133111113311111133111113333111111313331333311331333131
  607 20  1111113313111111111133133311331
  608 40  3331331113133131133131113113113333131131313311113333131313331313333333
  608 40  1311333333133113333333133313331
  609 30  3333133333333131333333111313111333131133133311111313331113311113313313
  609 30  1131133333133113313133133313333
  610 30  3331131331333131133333113313111331111133113113113333331333313111113111
  610 30  1331131313311111113133133113331
  611 20  1313131311333331233313113113131111111311313133111131313133111331333131
  611 20  1111113113113111111311133111111
  614 50  1122133111333133133313133113331333131133333311133113111333331113313313
  614 50  1113331133133333113111111113111
  616 30  1333133313333133313313113113131311131133313113111313111331313133113131
  616 30  1311131333111311113131133113331
  617 40  3311131133313331131333111311111133111131133113111313131333313133133113
  617 40  1333113313111111311133133113331
  619 30  3331333133331331133331111311131331331133113111131313131333311333133113
  619 30  1133313333113311111113111113131
  620 30  3311331113313331131131213311111333111131133111111313333313311131113111
  620 30  1113131311111111111133133313311
  622 30  1111331133333131133131111311111333113131133111111113131113311331133113
  622 30  1311133333311111311133111311331
  623 40  1111332133333131113333111111131313131131113311111113111311313131113111
  623 40  1131131313111111113131133313331
  626 20  3331133333331331131133113311111111111333113113113133331113311131333111
  626 20  1333111311111111133133133111331
  627 30  1311331333313131333311113111111331131131333111313333331333311331133131
  627 30  3313133333133111113333133313331
  629 20  1331111113331331111113113111111311111133313113113113331331333113333131
  629 20  1333131333311111111131133113331
  630 20  3311133313313131331113111311111333113133333111311313131313313133133111
  630 20  1133113313113111311133133313331
  632 20  1311331133313131133331113311111133113131331111113333131113311111333131
  632 20  1131113313113111311113113313331
  633 30  3331313113333133133313133112331333131131313311133313131313313333333133
  633 30  1331133333111311113111133313131
  635 30  3331333331333133333313113313311333131133313331133113333333333133313331
  635 30  1313133333133313113113133113131
  636 20  1311333333333131133111113111331133111331313111133311311313311133113133
  636 20  1133113333111111111131133311131
  637 30  3111331313313131133311111313111313131133113311131133131313313131113113
  637 30  1331123333131111313113111211331
  638 20  1331131113313133133313113311111311313131313111133133331313311333133311
  638 20  1311111333133113111133133113331
  639 20  3131333333313333333133111311333333111331333311133331331333311313333113
  639 20  1331133333333113311333133133331
  640 20  3331133331331331331111113311313113111131333111113331331333313313333133
  640 20  3313333333313113133333133113131
  642 30  1111331313333131313311113111311331331133313111113331333331311311333113
  642 30  1111331333113311113333133311131
  643 40  1311133331313333333113111111111131111131313111113131331333333111133111
  643 40  1131131313313113113331133111331
  644 10  3331331133331131133333111311113333133333133111111333331313313331333113
  644 10  3133113313111131311313133313331
  648 20  1311131133311331131133111311111133113133133111113313131313313111333111
  648 20  1331133333111111111333113313331
  650 30  1111331313331111133313113111331131111131333111313133331331311311333133
  650 30  1333331333313111113331133113131
  651 20  1331133111333331133313131113131331133131113333131111111311311133133113
  651 20  1131311333131113313311133113331
  652 30  3311331333313111131113111311111113111133333111113313331313313111113133
  652 30  1133131313111111111133133111331
  654 20  1212131313311131133113113111131113111111323113113131311331311331333131
  654 20  1113111313111311111131113111131
  655 30  1331331133313133133313111311111331131133331311333133311333313131313133
  655 30  1311331333131111113133133113331
  656 30  3311333133333131133313113111111131131131113111113111131113311331133133
  656 30  1331131333111111113131131111131
  667 40  1311331113311131133113111311111133131313133311113333331333313311332133
  667 40  1131333313311111111133113311311
  668 50  1331133131311123113313133113111333131133113313133113113331333333313311
  668 50  1111333333113113111133133113331
  670 40  3331333333311331133311113311311333111331133131313331331133313311333133
  670 40  1311133313313111313333133331131
  674 30  1333333333333133333311133311311313133133133331133333331333313313133311
  674 30  1331333333333113113133133333131
  676 40  1333333333333113313313133113311333133133313311131113311331333133113331
  676 40  1331331333331113113111133133131
  680 30  3311331333313131333311113311111333113133333311113333331333313131113113
  680 30  1331133313111111113113111333311
  683 30  1311331333333131333131111313311333131133133131113333331313313331113111
  683 30  1331133333111111113113133333131
  687 30  1331333333333131333311131313111333133133133331131333131313313133113311
  687 30  1333133333133113111133133333131
  692 40  1331131131323111133113111111131131113131113133111133131111333131113111
  692 40  1131131313111113111111113131131
  694 30  1331333113333113333313131313131333133133113311131133331313313133113111
  694 30  3331331333133133113111133133131
  695 50  3331333333331131133331131313313333131133133331133333111333313133313133
  695 50  3311133333133113113133113333131
  699 60  3111331333333331133111113311111133133131333111113333131113333331133113
  699 60  1331133333111111311313133331331
  704 30  1331131111331113133313131113131313113113311313111133113333111113311311
  704 30  3111331111311111111111111131331
  708 30  1331333333333131133311111313111333133133133111133333331313313133113313
  708 30  1331133333111111311113133333111
  709 10  1131131133333133133313113311111333111331113131111313131333311311133311
  709 10  1311113313311113313333133213331
  711 20  3331133311331313133312121313111111111131113113333113331333313133133113
  711 20  1133311333113113111333233113331
  713 40  1111131333111131133131113111311331133131313311133133331313311331333133
  713 40  1311131333113313113133133313131
  720 20  1331333133333133333131111111111331331133333311133313131333313331133111
  720 20  1331113333111113311133133313331
  723 20  3331331333333331333311113311111333133133313331113313331313313333123111
  723 20  1331133333133311113133133313331
  724 20  3311331313333331133313113313111333131131333311111333331113313331133133
  724 20  1331133333331131113333113313331
  725 10  1131333313331131131333111311111133131131313131133313331333311111333111
  725 10  1313133333311111111333133313131
  726 40  3131331113333131133111113111113321131311331113133111331113313331133111
  726 40  1131113311111111311313131311331
  727 10  1331333333331331333331113311111313131133131111133111131333313113113111
  727 10  1131111313111113111133133311331
  730 30  1311331133333331333313113113311331133133313311133131331331313331133131
  730 30  1311331333113111113333131113131
  739 10  1311331133331331133131111311111333111131133131111313131113313331133111
  739 10  1131133313111111311313111311333
  742 10  1311331333311331133331111111111333133131113211111213231313313331133111
  742 10  1331122313131111313133133213331
  743 20  1331131133331131133313113113111131131133113113111113131313313131113111
  743 20  1323111331111111113113133113331
  744 20  1331331333332131333321112112111333133133313311111333331313313331333111
  744 20  1331113333331113111133133313131
  745 20  1133133333333331333311111311111311311131313133113113131313313331133111
  745 20  1333111333131311313333133333331
  748 20  1331133131331131133313131113133331333133113313133311133313313133113311
  748 20  3131313333131113311133131133331
  750 20  1331333333313331133313111311111133131311333111111311111313311133113113
  750 20  3131113333311311113333133113331
  752 30  3331333333333133133333111313111333131133133311133333311333313313133111
  752 30  1331331333331111113133133313331
  754 50  1331331131333133133331111313111333133133133311113313311313333333133131
  754 50  1133113333131111311113131113331
  756 30  3311131313333331133331113111131113111131333111113333331113311311333133
  756 30  1331133313311111113331133113331
  761 20  1311131113313131133333113311111111131131313113113113331333313111133111
  761 20  1111131113313111113133133113131
  764 20  1311131331331131133113113313111333131133313313331113111333311113133113
  764 20  1133131333333311113133133133331
  770 40  1311111311313111331113113111133111111133113113113133111333313111113113
  770 40  1333131333313111311133113131333
  771 30  1131331333333331333311111311311113311131133111113333331313311331331113
  771 30  1333133313113111131313133311131
  772 20  3331331133331131133111131313311113133133113333133113331333313133113333
  772 20  1331133333113313113113113133131
  773 10  1311331113113331333311131311311313111131331331111331331333113113133111
  773 10  1311133113331111131333133311131
  775 20  1331133131331133113133131111111331133133113313111113113331313133113331
  775 20  1331331333131133113131133133331
  778 20  1133333333331133333313113311311333331133333131113313331333313133313131
  778 20  1331333333133111113133133333131
  780 20  3331333133333131133333131313311333133133133313133313131313311333133111
  780 20  1331133333131113313113131313331
  782 20  1331131331313131113313113111131133113131313113131113131311313131313113
  782 20  1131331333113111111131133113331
  784 50  3331331313313131133333111111111333121333113212111133133333313331133113
  784 50  1331113333111311311333111333331
  790 20  1331111333333331333313131313131331111133133313113313331333311133333331
  790 20  1131331333113111131133133313131
  791 20  3331131133333331131113111311311133111132313113313111331333333333133111
  791 20  1113133313113111311311131333311
  795 10  3331311133331131133333113311111333131133333131113313331313313331313113
  795 10  1331333333111111311133111313333
  796 20  1311131113333131333313111311131333111133133113111313131313313331133111
  796 20  1311111331111111111113111213331
  797 50  3331231333333131333313131113131333133133133313111313111333313313113133
  797 50  1333333333131133313133133233331
  803 30  3311333333313133333311313111331311131133333311133313331331311111333131
  803 30  1311333113333111113131133113131
  804 40  1331331113333131133113131311131333133131133113131113131113313131133113
  804 40  1131111333111111113113131311311
  809 30  3133113131131113311331331333333113313311131333331111113111133113111313
  809 30  3113313131131333331311331131313
  816 20  1311331313313331133113113111111331131133313111113333331333311331333131
  816 20  1331131313313111113133113313131
  819 20  3333333313331123233313133313311313111111333311131231331333311313333333
  819 20  1113331133313113113131133113131
  821 10  3131333313331331133313133311113333111131111331331331331333311113333313
  821 10  3313333113333113111333133333131
  824 20  3331133331331331133313133113133333131133313331133113131333331133133111
  824 20  3331311333133313313133313133331
  826 50  3311333133333131333333113113133331131113113131131113131333311133133111
  826 50  1111131333133111313113111133311
  828 30  1133333333331131133333131311111331131333313311133313331333311133113313
  828 30  1313313313131113113113133313311
  832 50  3311133113331131133313113313111313331133133113133111331333333133313113
  832 50  3331131333111111313133133113131
  834 20  1311333333313131333313113311111333133133333111131113131313311111113111
  834 20  1333111333131111113131113113331
  835 20  3331333333333333133311113313311333131131333311113311331333311333333113
  835 20  1331133133113111113133133313331
  836 30  3111132113313131133133111311111333131131133113111111331233313331113111
  836 30  1131113313111111311333131113331
  837 30  3311133111333333133313131111133131113131113313133131111311311133113311
  837 30  1311313333111113311313133133331
  839 20  3331331133113131133311111311111331333133313311111113111313313331133113
  839 20  1331133331111311313333111311333
  840 20  1331133311333333333331131111111133133113333311131111331311333333333111
  840 20  1131331333111111313333133313332
  841 30  1331133331333133133313131311111131131131113313111131113333313113113111
  841 30  1113331313313113113131333113331
