00028 312370133112331333331131113332311133313311331331133111
00028 3123702311131111111333331333132133111133131313313333131333331
00028 313240133311311333331331333311113111113331113331333111
00028 3132402113131113133133311331131111313313111111313333133313331
00028 314240113233313333331111313333333131111331133333331311
00028 3142402313131331333333311331131331113333311311313333131333331
00028 315220113113311333331311313111113131111331113331331311
00028 3152202333311313213311331133111331333333111111113133133313331
00028 316250133111311333331111131311311331311331133331311131
00028 3162502313131311333333331331311131113133111331313311131313311
00028 317230133111311333331211333311113131111311113311311111
00028 3172302113331311113133311131131131113131111331333111111311331
00028 318230133311311333331131113331111131313311331333133311
00028 3182302311131111113131311131131333311333111113313311131313331
00028 319220133111311331131313331311113311311331133313131131
00028 3192202331131311133133331331111131113133111311331113131313331
00028 320250133311311333331311321311113131111331113311331131
00028 3202502133131311133131311331111331113333111111311111111313331
00028 321220133111311333331111131111111131311331111333131111
00028 3212202311131311133131311331111331311331111113313311111313331
00028 322220113111331313331111333331311131313311131331131131
00028 3222202311131111113131331131311331111113111113311331133313311
00028 323230133311111333331311113311113131111331113331331111
00028 3232302313131111331133311331111131113111111111313113131313311
00028 324240133311331333331111331311111131313111133333331111
00028 3242402313131311133133331333131331333333311113313331133333331
00028 325280133311333133331313313131133131113111111313131311
00028 3252802311113111333311311331331333331333313313333131133313331
00028 326260131111311333331111333331311131313311331331333131
00028 3262602311111131111313131331111313311333131313313111111313131
00028 327430131311311333331131333331113131111331333331131131
00028 3274302113131311313133311331131331113113111113331113131333331
00028 328330113313331333331131113311313131313311331331131131
00028 3283302311311111113333311331131333331333131113313111131313311
00028 329340133111311333131111113331311131311331131331131111
00028 3293402111111111133333311331131331113311113111313111111313331
00028 330400133111311331331311313311313131111331133331331131
00028 3304002313131311133133311313111113113133111111113331131313331
00028 331270133311311333331311133331313131111331131331331131
00028 3312702113111311133133111331111131113113111311313131131113331
00028 332400133311331333331331331131111131311331113331133111
00028 3324002311331113133133331313131331111333111111313331133313131
00028 333320133311331333331331333111313131313131313331333111
00028 3333202311131313133133331333131311111333131111313133131313131
00028 334250133311311331331331131331311131311311133331131131
00028 3342502331111111133333311331131331313333111111313311111313331
00028 335430133111311333331111311331311131311311133331131131
00028 3354302333131313133133331333111333113313111111313331131313331
00028 336170133311313333331131113131311131333331311333133111
00028 3361702131113313113313331331131131311333111313313111131333311
00028 337170113111331333333331313111113131111311111331333111
00028 3371702331133313133111311331111331311313111311313331111313331
00028 338180133313331333333331313111313131313331311333333111
00028 3381802133111313131333333333331331313313133113331311111313131
00028 339180133111311333333311313131111131111331111331331131
00028 3391802133131313113133313331111331113333111111333331111313331
00028 340180133111111333133111333311111131311331133331331131
00028 3401802113131321133333311331131331113333111311313111111313331
00028 341180133311331333331131131131311211331331111331333331
00028 3411802311131111133133131131111111111333111313313131131313331
00028 342180113311311333331131333311311131313331311331133131
00028 3421802111113113113131311333131331111333131331313111311313331
00028 343180133311311333333311311311313131111331333331331131
00028 3431802333111333133133311331131131113333111311313133311313331
00028 344180113311311133331131333111311133331331311333311331
00028 3441802311133113313313311333131113111333111311333131133113331
00028 345190133311333333331331333331313131113331331331133331
00028 3451902333331333113131131333111331311313131133333131333313331
00028 346190113311111333331333111331111131311331131331331111
00028 3461902311131311133133311131111333113333111111331331111313311
00028 347190133111311333331331331311311131311331133331131131
00028 3471902313131311133133111331111131113333113113311331133311331
00028 348190111311331333311331333131333131333131331331133131
00028 3481902311113111113111111333131333311133131113113131133313121
00028 349190133311331133333311333311313131331331331333311131
00028 3491902113111313133113131333131331311313311113113331133333331
00028 350190133111311333331111313111111131311111113333131131
00028 3501902113131111113133111333113333311113111331313131131333331
00028 351190133311131333131311333331313131331331113331331111
00028 3511902333131313133131311131111331313333111313313331111313331
00028 352200113311333333331133313331313131333331311333133133
00028 3522002331133133313131131333333333131331131113313133333313131
00028 353220133311332233331331313311313131131131311331333111
00028 3532202331131313133111331331133133311113331133113313133313331
00028 354240133311231333331331333311313111331331311331333131
00028 3542402313331313131331331331131331313333111113313111133333331
00028 355260133311331333331131333311311131313311331331133131
00028 3552602113131113113133331333111131311331111111313111131113311
00028 356200133311111333331331133331331131111331331333333331
00028 3562002311131313133131313331311331313133111311313331113313331
00028 357210133311311333331311133311113133111331331331331131
00028 3572102311133313133133313133111331313133111113313113331313331
00028 358230133311312313333131311331333131131331333331133131
00028 3582302313133313333311133333131131333313131333333133313133331
00028 359200133311311313331331333311313131113311331331313111
00028 3592002331131113131131311331131331133333131113333331131313131
00028 360210133311311333331113331111313131313331333331331131
00028 3602102113131311133331331333131333113133311333333131133333311
00028 361200113311331113333111333331331131311311311331131331
00028 3612002111111113113311331313131131111333131311311331133113331
00028 362190133131331333331333133331311131311311133331333131
00028 3621902333131313133331311333111133313333131113313131131333131
00028 363210113311331333331133133131313131131131331331333311
00028 3632102311131113133133331333111331313333331113333133133333331
00028 364210133111311333331131333311311131131331131331133111
00028 3642102311131113133131311331111131113333111113333131133113331
00028 365230113311331333331131333331313131133331311331133131
00028 3652302313131313333333331333311333313331131313313331333333331
00028 366240133311311333331311313333111131111331133333331111
00028 3662402111131113133333333333131331133133131311331113131313331
00028 367210133331311333331311313331311133133331131332133331
00028 3672102331133131113133311131313333113313331331313131133333331
00028 368200133311311313331313333331313131333331333333331111
00028 3682002113133313133313331331131331313333311113111313111313331
00028 369210133313331333331311313111313131131131311333331111
00028 3692102313133111131311333331311313133333133111313333133333331
00028 370230133311333313311131113131311131133311331333133131
00028 3702302331133313333313331333313331331333133333133331133333131
00028 371240113131331331331311131111313133113311331333331131
00028 3712402113331313133133331333331333113313131313333331133313311
00028 372230113311311333331133333331313131131331133333331131
00028 3722302331133111133333313331311331311133311331313331133333331
00028 373200133311311313121111131111311133331331311333331131
00028 3732002311333113113313311331111131313333131113313311133333311
00028 374200133311331333331111331111331133111331331333331331
00028 3742002331131313333133331333311331311333111331313131133313311
00028 375210133111311333331331333331311131331331333331331131
00028 3752102311131313133133131333131331313333113333333111131313313
00028 376210133311331333331131133111311111131331313333333131
00028 3762102311311113113131331333311131311333311313113331133333331
00028 377200133311331333331131133311311111111331333331131131
00028 3772002311311113111133331333111131311331311313313331133333331
00028 378210113311331333333311131111333133111331133333111331
00028 3782102333133311333131331333133311311133311333331133133313311
00028 379200113313331333311333333311313133111331311333333331
00028 3792002133113331333113333331311311333313113313313133133313331
00028 380200133111311333333311313311113131331331333331331131
00028 3802002133131311133333313331131133113333111111313311131313331
00028 381220133311313333331131133331331131111311333331133111
00028 3812202311131311133133311131111331111333111111313111131313311
00028 382240133331313313331313313131333131311331313333311111
00028 3822402313131333133111331333131333311333111313313133133333331
00028 383210133331331331331333133311313131113331133333332111
00028 3832102313131333133333333333331111133333131331311133133333331
00028 384220131313311333311331133111313111113311333331132311
00028 3842202313133313133131131333111311133333111311133133133311331
00028 385200133111331333311311333331311131313311333311133131
00028 3852002311131313133131313331111331313331111313313313131333331
00028 386190133311311333331311111311333131311331133331331111
00028 3861902313111311133133311331111333133313111111311111111313331
00028 387200131311331133331131313111313133113331313111333131
00028 3872002111131333313331331313111331111333131333313111333313331
00028 388210113311331333331331333311311131113131131331313131
00028 3882102331111113133311331333111331313131131113313133133113331
00028 389260133311331333331131313111311111111331131333333131
00028 3892602311111313133311311333111331111331111331311131133313311
00028 390190113111131333331311113131113131311331131333333111
00028 3901902311131311133133331331111333113331111111313111133313331
00028 391200133311311333331331333111313133131331113333333311
00028 3912002313331311333331311333131331313333311113333131313313111
00028 392210133311311333331111333311313131313331331331333111
00028 3922102311131113133331331331131131311331111111313113133313331
00028 393190111111233333311331133131113131311331133333331111
00028 3931902313131311133333333331111131113333111111313333131313331
00028 394240133331331333331131133331313131313311133331133331
00028 3942402313133311333133331331131331311333131113313131133113331
00028 395200133313331333333331333311313131133331313333333113
00028 3952002313311313333131331331131331313333131113313333133333331
00028 396260133111331333331111133331311131313111331333133111
00028 3962602331111113113331311333111311311333131311313311131113331
00028 397200133111131333331111313331311131111331133333131131
00028 3972002331331313113131131333133333311333111311331333133333331
00028 398190133311331333333311313311313131131331133333131131
00028 3981902333331313133133313131111331313333111311313333133313331
00028 399200113313331333331331333311313131111331131331331111
00028 3992002333333313133133113331131311331311311131313131333313331
00028 400190113311311333131111313311313111313331131331311111
00028 4001902313133311131131331333111133333111131111331313131333331
00028 401220133313331333333311333311313131131331313331131131
00028 4012202333331111133333331333133331313333111313113333331313331
00028 402220133311331333311331311131313131113311113333331131
00028 4022202333113313133313333333111333313331111313113313133313111
00028 403220113311331311311131133331331133311311331333133331
00028 4032202331311133113111331133111311331331111111133131333113311
00028 404220133111311333331131313331131131113131131331331131
00028 4042202313131311133111111131111133131133111311313133133113131
00028 405190113311331313331111133331331133111331131333133331
00028 4051902311111311313133131333111131111333111313113131133133311
00028 406210133311131333331331333331333131111131133333333131
00028 4062102313131313133131311331111331113333311331313133133333331
00028 407200133311331313311111333331311131313311133331333131
00028 4072002311133313133113311331111333111333111111313331133313331
00028 408220133311331333331331133311313131111331111331331111
00028 4082202313131313133131311131111131113333311111333333131313331
00028 409210131311311333331311113331133131111331331331331111
00028 4092102313131313133333311331131131113133111133313113131333331
00028 410230133331331333333313133311331131333311331331333131
00028 4102302313111111133333331133131133313331131313313111131313331
00028 411210133313331333311331133311333131311331331333133133
00028 4112102311133113313133331333133331331333131133331333133313331
00028 412220113111331333331331113131311131313311311331131131
00028 4122202333131313113111131133311313311333331313313131133313331
00028 413190133111311333331331313331313131311331133331333131
00028 4131902313111311133331311331111131113331111111313111131313311
00028 414200133111311333331311313331131131111331133331331111
00028 4142002113331311131333311331131331111313111311313111131333331
00028 415220133311331333331111111311313111331331111331131131
00028 4152202331131313131331331331111333311133111313311111131333331
00028 416230133131331333111311131311313131313331311331331131
00028 4162302313113311331331331333111331313313131113331331133313311
00028 417190113311311133331331313131311131313331311333133131
00028 4171902333133111133131331333131333311333111313133313333113331
00028 418210113133311333331333133311333133133311311333331111
00028 4182102333131313133131133331113331313333331313313111133313331
00028 419250113311331333331331333311311331311311311331131131
00028 4192502313113313133133311331313313313333111133133131333331111
00028 420210133111311333331311333311113131111331133331331111
00028 4202102313131313133133331131131131113333111133313113131333331
00028 421200133111311333331111311131311131311331133131331131
00028 4212002113111111133131311131111333113333111113311131133313331
00028 422210133311331333331311313131111131111311133333111131
00028 4222102313131311113131331131111331113333111113313133131313331
00028 423220133321331333331331311311311131111331111333331111
00028 4232202311131113133133131331133131311111111113133131111113331
00028 424200131313331133331333313311313131133331133333333111
00028 4242002313133313133131331133113131111133131331331131133333331
00028 425200113131331333331311313311311131111331333331131131
00028 4252002313131313133333311333131133313333131313311311133333331
00028 426210133313313333331333131331113131111311133333311131
00028 4262102333131113333131313331111333313333111111313333133333331
00028 427230133331111133331131333313313131313331311331133133
00028 4272302313131313333331133333331331113133111313113131131113331
00028 428200133133131133331331333311133131113331133333333311
00028 4282002333313313133111131331131311333113111111133333133333331
00028 429200133311311313331111313131113131311331311333131131
00028 4292002313333311113111331331111333331333131313113131133113331
00028 430200113311333313331111313331111131333331333333131133
00028 4302002131111333313311311133111333311333113333313131133113311
00028 431210113113311313331111133331111131111331133331331111
00028 4312102311131311133333311131111311111311111111313131133113311
00028 432190131313313333331313313111333131111331113311331311
00028 4321902331113313133113313333331111311313111131313131133113131
00028 433210113311311313331331331331313131113331311333331111
00028 4332102331113113313111331333111131111333131311133331131313311
00028 434210133311313333331333313111313131113331131313133111
00028 4342102311331313133331331331131331113313111113313311131313331
00028 435210113311311333331111313311311131111131133331331111
00028 4352102313131331133133111131111131113313111311311113131313331
00028 436200113313311133331131333131311131331331311333313131
00028 4362002311133333313331331131131331311333131113313131113333331
00028 437200113331311333331131133131311131131331311333331131
00028 4372002331131311333331313133111311311333111131313311133313331
00028 438190133113331333331333113311113131111331313331131111
00028 4381902333111113133133311331131333313313111311313313133313131
00028 439210133111331333131311133331313331311331113331131111
00028 4392102311131313133331311331131311113311111113331111111313331
00028 440230133131311333331311311311111131111331133331331131
00028 4402302331111311133331113333111331113133111111313131113313311
00028 441210133311333333331331113111133131133331111331331131
00028 4412102111131311133113311131111111333311111111333333133313331
00028 442240133311331313331131113131311131313311311331133331
00028 4422402331113113313111331133111333311333111333313333133113331
00028 443240133311333333331133113131333131313311311333313133
00028 4432402311111113113331333133111133111313111311313331133113331
00028 444220133311331333331331333111331133113331113331331111
00028 4442202333131313333333331331113331313331131113311333133313331
00028 445200113111313333311311333131313131311311133331131131
00028 4452002331131313113331311333111311111333111111113131133113131
00028 446220133311131313331113313131313131313331311333133131
00028 4462202311311113131131331133131333313331111113313331133313331
00028 447220133333313133331313313131311131313331131333331131
00028 4472202313133311133133311333131333113331111311313331133313331
00028 448230133111311333331311333311113131113331133331331111
00028 4482302111131311133133131131131331133133111133313133133313331
00028 449210113113311333331111133311111131111331113331331311
00028 4492102311131311133133311331111131111313111111313111133113311
00028 450210133311331333333131313313331131131331331331133111
00028 4502102313113113133333331133111131313333313133333133333313331
00028 451200113111311333331131133311111131311313331331131131
00028 4512002311131111113313131131111331111333111313313331131313331
00028 452220133113333333131111333111333131111331331331333111
00028 4522202313333311133331331333131331113313111311333133111313331
00028 453210113111311333331111333311113131111331133311331111
00028 4532102313131311133131311131131131111311111333311131111313311
00028 454200111111333133331313331111333131311331133331331311
00028 4542002331133113133111111333331331311333111333331133133113311
00028 455210133311311333331131313131113113111331331331131131
00028 4552102331111311133133331331131333113333131131313131133313331
00028 456200113131331333331111313331131131311331133333331131
00028 4562002111113111133311311131131333111331111311333331133113331
00028 457200133131311333331131333331113131111331311331333111
00028 4572002331131111133113331331131131113333111311333131133313311
00028 458250133111331333333311131131311131111331313311331131
00028 4582502311111311113131311131111131113313111111311131131313331
00028 459210133311331333331111311311313131311331331333133131
00028 4592102311111313113131331333131133313331111313313331133313311
00028 460210113313311333331333311311313131113331313311333123
00028 4602102313131311133313331333131311313133111133133113133313311
00028 461200111311331333333311313331111131111331131331131311
00028 4612002311131111133131311131131131313331111111311111131313311
00028 462220111311331313331311113331313131111331133333333331
00028 4622202313131333133311333133111333133333331313113331133133331
00028 463220133311331333331131333131313131113311133331331133
00028 4632202331133311133131331131111311313333111131333313133313311
00028 464220133311331333333131333131311131311331331331331331
00028 4642202313113113133111331131131331311311111313113131133333311
00028 465230133311331333331111313311111131311331311331331331
00028 4652302331131313133133111331111333111331111333313311133313131
00028 466210133111333333331131333331111333331311313331333111
00028 4662102333133311133131331331131131333333111313113131133113131
00028 467220133111331331331133312131313131113331311331333111
00028 4672202313133111133133131113131333313333331313333331333133331
00028 468200133311331333331331331111311133313331333331333111
00028 4682002311131313133333331133111331313333131113313333131313331
00028 469210133313331333331131313113311133313331331331131131
00028 4692102333133113113333331133131333313333111313313311133313331
00028 470210133111331333311111331311111131113331113331333111
00028 4702102331111313133333311331111311113313313111333331311313311
00028 471210133311331333331131131131311131313311331311133131
00028 4712102311331131113331333333113111311311131313313311131113331
00028 472200133111331333331311331311313131311331133331331111
00028 4722002133331311133133331331111331113333111111331331133313331
00028 473210133311331333331331333311113131113331113331333111
00028 4732102113131311133131311333111331113331111131313111133313331
00028 474220133311311333331311111311313131131331331331331331
00028 4742202111331311333133331333111311313333311113313111131313331
00028 475210133111331333331311333111113111111331113331331131
00028 4752102131131113133111311131131331113331111111313131133313331
00028 476210133131333333331113331111131131331311313333131331
00028 4762102313133131333133133131131331313333111113311331133313331
00028 477220131111311333331111333111313131131331331313331311
00028 4772202131133111133131313331131331311333111333313133113333311
00028 478220133111331333331331111131111131113131331331333131
00028 4782202311111111133331311333111333311313131113331131133113331
00028 479210133311331133331331113331313113111131333331331313
00028 4792102113331313133311331333111333313333111313313331133133331
00028 480200133311331333331311133311313131133331331331133111
00028 4802002333131311133133331333131331313333111333333133133333311
00028 481210133313333333331331111311133131113131113331331111
00028 4812102333111313133333311331111331113113111111331113131313331
00028 482200133311331333331311133311313131131331331331133111
00028 4822002333133313133133331333131331313333111133133133333333311
00028 483200133311331333331331333313313131111331133331331111
00028 4832002313131311133133331131111331113331111111113111131313311
00028 484210113113331333311313313331113311111131133313331131
00028 4842102331131333131131311333111313331331131133333133133313311
00028 485210133311331313311131333311311131133331311331333133
00028 4852102313111311133133331133111331113331131313333131133313331
00028 486210133311331333331311333311333131111331331331333311
00028 4862102333131313133113331333111333133133111313333111333313311
00028 487210113111311333331311331331313131111331133331131131
00028 4872102331111131113133311331111131111331311111311131131313331
00028 488200133311311313331131333331311131313331111331131131
00028 4882002111131311133133111131111113111333111113311311331133331
00028 489210133311333333311313313311333131311331113333331311
00028 4892102313331313333133333131131331333311131113313133131333331
00028 490190113113311333331331333311113113113311133311133111
00028 4901902111131111133333311331111311131333111311313313311313331
00028 491190113113311333331311333311313131131331133331331111
00028 4911902313111311133133311331111331113331111313313131133313331
00028 492200113111311133333331311111311131313331133331331133
00028 4922002113111311133133311331111131313333331311333331133313331
00028 493200133311313333331311333311313131311331113333333131
00028 4932002313111313133131333333111311113133111131313313131333331
00028 494200133313111333131311333331313131111331133331331111
00028 4942002333131313133131311331111331113113111333113331133313331
00028 495200113131311113331311133311133131111311113331133131
00028 4952002331333311133111311331111331131133111331113133133113311
00028 496200113313331313331131333331313131313311131331333131
00028 4962002311131313113331311133111131311333131133313111131133331
00028 497200133113313133333333333113133131113331133333333311
00028 4972002333111311133133313311111131333313131111313333113313331
00028 498200133131313333331113331131313133311311311331331131
00028 4982002311113113113131111131111331311333111313313131133313111
00028 499200133331331333331333333311313131313331331333333113
00028 4992002333133311133313331333331331313333131111133333133313331
00028 500200113311331333331311333311313133111331133331331311
00028 5002002133111313133311311331331331313331311111313133133313331
00028 501200113311311333331131131331313131313311331331133331
00028 5012002311311113113111331333111331311333131113313111133313331
00028 502200111331333113331133113133333131111331313333333331
00028 5022002331113113133113133333331133331333133333133331133333331
00028 503200133111311333331311331311113131111331133331331111
00028 5032002113131311133133311331111331113333111111313313131313331
00028 504200133111311333331331333311111111311331133331331111
00028 5042002133131311133133311331131131113313111111313111111313311
00028 505200113111331333131331311311113111133331113311131111
00028 5052002133311111133111111331111333311311111311313333131313311
00028 506200133131311333331331333131133131313311111331331111
00028 5062002131133313113111313131311111331331111331113131133313311
00028 507200133111311333331311333331111131311331133311331331
00028 5072002333111311133131311131131111311331111311313133133313331
00028 508200133333333333311333333111113333131131311333333131
00028 5082002331133313333311313331311331313133133311333133133313331
00028 509200113113313333331331333111133131111331113313331111
00028 5092002313131313133133113331131333333311111111333133133313331
00028 510200113311311333331311133311113131111331133331331111
00028 5102002311131311113111311131111331113331111111313331111313331
00028 511200113313333333331333331111333133113331113333331111
00028 5112002333333313333131133333111331333313131113111133133333311
00028 512200113131313333331313331111133131111331133313331111
00028 5122002133111313333133311331111131113313111111311133133313311
00028 513200113313311333331131133131331131333111331331133131
00028 5132002331131113113331333133131331313333131313333111133333131
00028 514200113113313333131311311331331333311311311331131131
00028 5142002111133311113113313331131331131313313311311331133113311
00028 515170133311311333311113333131311131311131331331331131
00028 5151702311111131113131111131131331131333111311311131133133311
00028 516160113311331333331111313111311131111331331331331131
00028 5161602311111113113131331333111333111133311113113113133333311
00028 517160133311331333311333113331331133331331113333133313
00028 5171602331333113313331331131131313313333133111111311133313331
00028 518180113311331333331133133333311131333311331333133333
00028 5181802311311133113331333333131333331331331333113131333133331
00028 519180133311311133331111333331311133111311331333131131
00028 5191802311131313133133311331111331113331111311333131133313331
00028 520170133311333333331331133311333133113331131333133331
00028 5201702331133313113331311333131311333333133331333131133333311
00028 521180133111333333331131333111311131111311111111131111
00028 5211802313113313133133131333131111313333131111313111113313331
00028 522180133333331333331313333331313131311331133131313311
00028 5221802313131313133313313331311331111333111131333333133333331
00028 523210133311331333131333133311313131133331313331333131
00028 5232102311131313133333331333133333333133131331313311131313331
00028 524190113111331333331311333111113131111331133333333111
00028 5241902313311313131111331331311111113333111111313333113313311
00028 525170133311331333313133331111333133111131113333131111
00028 5251702311111311133131133331111331113333311331311331333313331
00028 526180133311311333333333333311313133111331113331131131
00028 5261802113111311133133311331131133313313131311313311131313331
00028 527200133311331333331311333331313131311311331331331111
00028 5272002333131313133333331333131331313331111113331111131313331
00028 528190133311331333331331313311313131313331333333131131
00028 5281902311111111133313131331111313111313111113313111131313331
00028 529180133331331333331333311311313131313331133333331131
00028 5291802313131311133333331331131331313333131113113113133313331
00028 530190133111311333131311133331113131311331133331333111
00028 5301902313131313133131131131111331113313111311313111133311331
00028 531170133111311333331333333331313131311331133331333113
00028 5311702313131311133133311333111331313333111311313333131333331
00028 532200133311311333131331333331311131111331331331331131
00028 5322002331131333133131331333131131313331131131313331131313311
00028 533190133311331333331131133311311131333311331331333131
00028 5331902311131313113331331333113331333333311333313131133333331
00028 534170133311311313331333313331311131331131333331333131
00028 5341702313131113133133311131111131113133111113331111111313131
00028 535200133311311333333311131311311131311131133331331111
00028 5352002111331311133133331331111131113331111311311311111313331
00028 536190133311331333331131113131313131133331311333333131
00028 5361902333133313313133333133113331313133131133113133133313331
00028 537180133313131333311333333333311131133331313313333311
00028 5371802311133313133113313133131313333333333131313133333313131
00028 538180133111331333333333113311313131313333113331133111
00028 5381802331111313333113111331111333311331131111113333133313331
00028 539180133311331333333333333311333131111331331311333131
00028 5391802333131111133111333333131331313333111133313131133313331
00028 540210133313331333331331333311313131313331113331331131
00028 5402102333111111133113331331111131333313331113113331133313131
00028 541180133111311333331313113311313111311131131331131131
00028 5411802313131313133133311333131331313331111313313111131313331
00028 542170133311331331331331333311313131133331113331331111
00028 5421702133111311133133331331111133313313331111331333133313131
00028 543180113331311133331131311331333131311331133331131131
00028 5431802333131333133333311133111333111333111313113131133313331
00028 544180133311311333333331333131313131311331133331131131
00028 5441802311111311133133311331111131313333111111313131133313131
00028 545180133311331333331131333131311131313311331331133131
00028 5451802311131313133131331133131131311333131113313331133113331
00028 546190133311331333331133133131333131113311331333333131
00028 5461902333133313131333331333111331333133131133113133133313331
00028 547180133111111333133313133331313113311331133331333131
00028 5471802313331311333133311333111331313333111311313133131333331
00028 548190131311311313111311111331313331131311331333133131
00028 5481902331113311113133111131131311113333113313311131133313331
00028 549170113311331333331331313133311131313311311331333131
00028 5491702311111331113133331133133133311133131333313311133333311
00028 550180113311331333331111331131311131311311331331331131
00028 5501802111111113133131311133111131311333111313111111133113131
00028 551170113331333333331333333131333133313311113331333131
00028 5511702331131333333111331131333311113331111133313113133313111
00028 552190133311311333331311331311113131111331113331331131
00028 5521902313131311133133311131111331113313111111333111133313331
00028 553190133311311333311311133331313131311331133311131131
00028 5531902111131311133113311131111311111313111111313113133111311
00028 554200133311331313331331313331331131113331311331133131
00028 5542002311131113113133331131111133313133111113113111131113331
00028 555190133111331333133111331311311131131111331331331131
00028 5551902331111111113131331331313312313133113131311331131333331
00028 556180133211311333311131313131111131113111131333333311
00028 5561802311113313133113331331131331111133111311333133131113331
00028 557190133311311333131333313131331331131333133331333331
00028 5571902333131311133133311133131331313333111311111131133313331
00028 558180133333331333331313331331311331311131311333333131
00028 5581802331131133133111113331131111313333331333333131133333331
00028 559170133311333333331131313131311131313311331333133131
00028 5591702331331113113131331331131333111333131333313111133333331
00028 560180133111331333331311133311111131311311331331131131
00028 5601802313131311113133111331111333113131111113133111133313331
00028 561180133111331333331131333111311131113331113331333131
00028 5611802311131313113331311333111311313333131111313111113313331
00028 562160133311331333331131333131311131113331133331333131
00028 5621602311111313113311331333111111311333131113313111113313331
00028 563190133313311333331331113331113131311331133333331111
00028 5631902313331311133331313331111133113313111111311131111313331
00028 564170113311331333331331313111313131111111131331131111
00028 5641702113133313133131331131131313333313111111113313133333331
00028 565170113111331333331113311311311133331331133333331331
00028 5651702313313313133111111331331333313113111113313133133333311
00028 566200133311331333311331331111313131333131311333333131
00028 5662002313131311133333331333111331113133131311333131133313131
00028 567170133311311333331331333111333131111331133333331111
00028 5671702133111313133133331331111131313133111111313131113313331
00028 568180113311331333331113133311333133131331311333133331
00028 5681802311133113133311331333113333111333111111113131133333331
00028 569160113313331333331331313311313131113331133333133111
00028 5691602113131311133133331331111331313333111331311313133313331
00028 570180133331313333331131113311313131311331111333131131
00028 5701802131131313133133331131131333113333313333313131133313311
00028 571170133313333113311331333131111131113131113333331113
00028 5711702131133311133113331131131331313333111331313331133113131
00028 572180133313311333331311331111113131131331333333333333
00028 5721802313113331133311113331131131113133331313113111133333331
00028 573180133311331333331311313111311131311331133331331131
00028 5731802313131311133333311333111333313333111113313133133313331
00028 574170133111313333331331313111133131313331111331333311
00028 5741702131133313133131311331331133331311131313313133111313331
00028 575170133311311333331311333111311131113331111331331331
00028 5751702333331313133333333331111331313131131113331111133313331
00028 576170133311331333331331113331311131311331331331133131
00028 5761702311111111113133331331111133111333131333313111133313331
00028 577180133313313333331331333111333111313331113331333111
00028 5771802313111313133113311331111131113333131131313111131313331
00028 578180133311331333331311313311313131131331313333331311
00028 5781802311131313133131331333131331313333311133133133133333331
00028 579180133311331331333311311111313131111331133331331111
00028 5791802313131331133113311331111133133333111311311133133313331
00028 580160133313333333331333131111313133133111131333133111
00028 5801602331133313133311111331133111133331333133133313133313311
00028 581170133313331333333131313331113131113131131313133131
00028 5811702111113313133131311131111333111333111133113131133313331
00028 582170113313311333331331333111313131311331133311313131
00028 5821702313131313133333111331111331113331111311313113111333331
00028 583190113311331333331333313111313131133331333331333331
00028 5831902313311133333311331331113333331331331333113311133333311
00028 584170113311131311311133313131331131313111331331333131
00028 5841702311113313113131331333131331313333131333313131333313331
00028 585170133311331333331111313111313131113131331331131111
00028 5851702333131311333131311133131331113333111113113331133313331
00028 586180111311333111311131333131311131311111331333133131
00028 5861802331133113113311331133113331311331131133313131133113111
00028 587170113111331333331111313111311131111131331333331131
00028 5871702131131111113331133131131131111131111311313131133313331
00028 588180113311331333331333113131331133333311313331133131
00028 5881802331113311113133331333113333313333133133133331133333331
00028 589180111311331333331131113111313131133311333333131331
00028 5891802311333111333133131133111333313333131133113333133313311
00028 590180133313311333331333313111313131113331331333333111
00028 5901802311131313133131331333131313111333113133113131133113131
00028 591180133311311333331331333131313331311331111333131311
00028 5911802311331311133331331331111333113333111113311133113313311
00028 592180133331333133313331333311313133131331331333331311
00028 5921802313113313133313131333131131313113111111313133133313331
00028 593170131313331333311331313111333131113331331333313311
00028 5931702311131313133311313333133331113313133311133311333333331
00028 594180133331333333331311333111311133131331331331331131
00028 5941802313133113133331131333111333313333111313313133133313331
00028 595180133311331331331111333111311113313311333313331131
00028 5951802313133311133331111133111333313333111311333113133313331
00028 596170133311331333331331333331311131131331131333331331
00028 5961702331131313133133331333311331311331131133333331131313331
00028 597190133111331333331331313113311131313311311331133131
00028 5971902313131113133133333131131331113131111311113111111313331
00028 598180113313331333331331313111333331133331313333333331
00028 5981802333113313333133113331111311313333131111133333133333331
00028 599180133311331333331331313113333333113331333333333131
00028 5991802313113313333131313313133311311133131123313111133313331
00028 600170133331331311311333113131111133133331113133333311
00028 6001702333333313313111333131311313311333133331113133331113111
00028 601190133311331333331331313331331131113311331333133131
00028 6011902333111333313331333333131313311133131313313331333333331
00028 602170133111331333313311333111133131111331113333331111
00028 6021702333133311333133311331111331333333111111313313133313131
00028 603170113331331333311311333311313131133331333311111131
00028 6031702313131331111333311331111331113111331313312111131311331
00028 604170111311131333131331133311311131311331333311331131
00028 6041702311131311113133331333133131313133311113313111131313131
00028 605170133313311333131311133331333331313331313331333111
00028 6051702311331311133133311333113331313131131113313111131313331
00028 606170133311311333331311333331313131333331313331333111
00028 6061702311131311133133311333111331313331131313313111131313331
00028 607170133111331333131311333311313111111331331331331111
00028 6071702331111331133131311131113131113133111111313113131313331
00028 608170133333331313311333333131333133313331311333333331
00028 6081702331133313333131331333331311313333131313113131133313331
00028 609170113311311333311311333311311131311331133331131131
00028 6091702313111111113331111333113331313333311111311311333313331
00028 610170133311131333331333333311313331311311333331133331
00028 6101702331331113113131333333111311313133131113113331133313331
00028 611170133313131331131311133311313131131331331331331131
00028 6111702111331311133133311331111331113131311111313131111113131
00028 612170133313331333131311133311313131311331133331331111
00028 6121702313331111133131311131131331113133111111333333131313311
00028 613170133311311333331111331311311131311311133331331331
00028 6131702331331331133131311333113311113133111113313131131313331
00028 614170133311333333331313333311313131113331333331313111
00028 6141702333131313333311133333133133313131331131333313133313331
00028 615170113311333333331331133131313131113131131331331331
00028 6151702311131311133313331333113331111133131333333311133313131
00028 616170133311311333131131333311311131331331133331333311
00028 6161702313331311133131311331113333113133131111131111131333331
00028 617170113311311333331311333311311131331311133333131131
00028 6171702313131311113333113333131131313333111333333131133313331
00028 618170133311131333331111311313311311313131331331331331
00028 6181702311113313113331333133133331333333131333311131133313331
00028 619170111331333313331331131331313131313331313331333131
00028 6191702311331113133331331333131331313333131313311331133313331
00028 620170133111331333331311113331311111311331313331131133
00028 6201702313111331113133111133111333113113111113111111131313331
00028 621170133311331333331331333311313113133331333331333131
00028 6211702311133333133333333333111131313113331313333113111333331
00028 622170133311311331331311133331311131311331133331331131
00028 6221702311133111113133311331111331111331111111311131131333331
00028 623170133311331333331331133311331131313131333331131331
00028 6231702311111313113131131333113331313331111333333331131133331
00028 624170133311331333331333333311313131111333313333333131
00028 6241702313133313133133331333133331313333111313333131133333331
00028 625170113311331333331313131331313133111331333333313111
00028 6251702331113313133133313331133131313333131113313123133333311
00028 626170133313333333311333113111333131133331113313333331
00028 6261702331313313333311131333313331313133131133313333133333131
00028 627170111311331313333331333131333131133311311333333331
00028 6271702313311313333333331313111331313333131113131131113133331
00028 628170113111311333331311133331311131311331133331131131
00028 6281702311331311333131313331111131313331111131313313111313331
00028 629170131311331333331331113111333131113311133333133131
00028 6291702311313111133133331331131333333313111311133131131333111
00028 630170131311333313331331133111311131313311311331133331
00028 6301702311133313313111311333131133311333111313313313133113331
00028 631170131311333313331131333131333133113331311331331131
00028 6311702331113313133331113131113333313333111133133131133113131
00028 632170133313331133331313333111313133311331113333331111
00028 6321702113113311133333311333111331113333111111313331133333331
00028 633170133331311333331131333331113133111331133311331331
00028 6331702331133311131131333331113331113331111133313331331333331
00028 634170133331331133331313113311311131311331333331331331
00028 6341702313133311133131333331113331313133111111313311133313331
00028 635170133111333331331333113131333131133313131331333331
00028 6351702331113313113311333133131313331333133133313331133133111
00028 636170131311133333331333311331313331331331113331331131
00028 6361702311331313133133133333111333113333131311311331133333331
00028 637170133311331333311311333111333131111331113333133331
00028 6371702333131313131113133333111311313313131333333133133333331
00028 638170133313331333331313331111323231113311313313333131
00028 6381702333313313333131313331131331313313111313313113131133331
00028 639170133331331333313331333111313133331313111333331331
00028 6391702333333133333133311333333311313333113113133133333333331
00028 640170133313313333333131133131313133313311131331133131
00028 6401702333131313133131333333111331313333131131113333133313331
00028 641170133311331333331311133111313131113331133333331111
00028 6411702113131311133133331331111131113331111111313133133113331
00028 642170133311331333331131133131311133313331313331333131
00028 6421702311113333113113331133131333311333113133113131131113331
00028 643170133111311333331331133331331331311331333333333331
00028 6431702311133313113133331333131131313333111333313311131313331
00028 644170133313331333331113333333331133133311311333333131
00028 6441702311133313313331133133113333331133333331133331133133331
00028 645170113311331333331133133131313131133331133331131331
00028 6451702313331333113133131331111133133133131313111312333333331
00028 646170113313331333311311311311133133131331311331331311
00028 6461702311333333333113331133111333311133113111111333133133331
00028 647170113311331333311131333131311131113311333331113131
00028 6471702313111311113131131131111331313333131313113331133313331
00028 648170131311131333133133133331311331113311331331133331
00028 6481702331311113111131111133111111311111111113313333333333131
00028 649170113313331333311111133111333131133311313333113131
00028 6491702311113113333111311333133111311131131133113331133313331
00028 650170131311331333313111333111331133313111133311331331
00028 6501702333111331331133311333113331133333111333113333133313331
00028 651170113331331333331331333111311131333311331331333131
00028 6511702311131313113131333331111331111333131133313111133333131
00028 652170131311331333331331313111331133131131313333331331
00028 6521702333131113333313333333131333313333111333133311333133331
00028 653170133131311331331311331331313131311331133311131111
00028 6531702313131313131133311133131311113333111113333133333133331
00028 654170113311311333333131331331313131333113131331333131
00028 6541702333131113133331333331131331113333111133313131131313131
00028 655170133331333333331331331311313131111331133333131311
00028 6551702313133313133333133331111311113333111111113133133313331
00028 656170133111311333331311133331331131311331111331331131
00028 6561702113131311113333311131111331113333111111111311111313331
00028 657170133311133333331311333131313131331333311333331331
00028 6571702333133313333333331133113311333333113133333331133133331
00028 658170131313333313311131113131311131313131311333133131
00028 6581702331113113313311133333131111331333133133113331133113131
00028 659170133311331333331131131311313131311311131331133133
00028 6591702331131311113331331333133331313113111133111333331313331
00028 660170133311331333333331313311113131131331133331333131
00028 6601702311331311133133311133111333313333111111313111133313331
00028 661170113312333333333131313111313133113331131331333131
00028 6611702331131333133111131333131311333333313133313113333331331
00028 662170131313131133333331333111333131333331331333333111
00028 6621702331313313133133131333311331331333133133133333133313131
00028 663170133111311331331331333331311131311331313333131111
00028 6631702311133311133331311331131133113333111133331113111133331
00028 664170113131131113111111313331131131311311313333331331
00028 6641702311111111113131311331111133131111311133113111113113331
00028 665170133311331133331111313311313131133311311331333131
00028 6651702311133313133131331333113133313133131133333333331313331
00028 666170133313131333331333113311333131333331313333333331
00028 6661702313131313133131333133111331313133131113113331133313331
00028 667170133313331333331331133131311131311131131331133131
00028 6671702311111313113133333133111331311333111311313111131313331
00028 668170133311331333331131133131311131313331333331333131
00028 6681702313111313131133311331131331313331311311313111131313331
00028 669170133111331333331311313331331131313311331331331131
00028 6691702311111111131331111133111131311333111111313111131113331
00028 670170133111311333331311113311133133331311333331133331
00028 6701702313111331313111331133131333311313111131333313333113111
00028 671170133111311331331311133331113131113331133331331331
00028 6711702333131331133133331133111333113333111111313313133333331
00028 672170133111311311113111133331313131311331113331331111
00028 6721702313131331133333311133111333113333111111333111131333331
00028 673170133311331333331311313331313131311311333331333131
00028 6731702311131311133133331333131333111133111313313113131313331
00028 674170113113311333331311333311113131311131333331331111
00028 6741702111131313133311331331111331113331111311133113333333131
00028 675170133111131133331133113131313111331311331313133111
00028 6751702331111311133133333313131131311333111113333131133113331
00028 676170133311311333331111113111311131111311113333131331
00028 6761702311133313133113131131311333111333111111331333133313311
00028 677170133311311333333311111331311131313311111331131131
00028 6771702111131313133133313331131133113113111131311111111313311
00028 678170133311331333331111113331311131313311111331131131
00028 6781702311331111113331331133111311113133111313313111131313331
00028 679170133111333333331131333131313131311331313313331131
00028 6791702313111331333111331333111331331333111131313111133333131
00028 680170133113311333331311311331111131311331133331331111
00028 6801702113131331113133111331131133113111111111313113131313331
00028 681170133111331333131331333111333133133331113333333131
00028 6811702133131331133133313331111311113333111131133133131333331
00028 682170131333331133331331333111313133313331113331331111
00028 6821702333133313133113331133131111133333131331313331133333331
00028 683170131311311333331111113111313133311331131333133311
00028 6831702131113111113131131131113133311331111113113111133313331
00028 684170133311311333331331333331331131311331133311333131
00028 6841702313133313133333111131111131113313111311133111133311331
00028 685170133311331333331131333331333131333311331333333131
00028 6851702311333311113331331333131333313133131313333331133333331
00028 686170113111331313311131133131311131111111131131333331
00028 6861702331113313113111131133333311331331111313313131133113331
00028 687170113311333333313111333311333131313111313333131133
00028 6871702331113113313313333333331331333333113333133331333313131
00028 688170133311311331133331333111113131113331113331333111
00028 6881702133331313133133311331111131113113111111313133113313311
00028 689170133311331133333331113131313131113331111331133111
00028 6891702333313313133331313333131331313331131111313131133113311
00028 312370133112331333331131113332311133313311331331133111
00028 3123702311131111111333331333132133111133131313313333131333331
00028 313240133311311333331331333311113111113331113331333111
00028 3132402113131113133133311331131111313313111111313333133313331
00028 314240113233313333331111313333333131111331133333331311
00028 3142402313131331333333311331131331113333311311313333131333331
00028 315220113113311333331311313111113131111331113331331311
00028 3152202333311313213311331133111331333333111111113133133313331
00028 316250133111311333331111131311311331311331133331311131
00028 3162502313131311333333331331311131113133111331313311131313311
00028 317230133111311333331211333311113131111311113311311111
00028 3172302113331311113133311131131131113131111331333111111311331
00028 318230133311311333331131113331111131313311331333133311
00028 3182302311131111113131311131131333311333111113313311131313331
00028 319220133111311331131313331311113311311331133313131131
00028 3192202331131311133133331331111131113133111311331113131313331
00028 320250133311311333331311321311113131111331113311331131
00028 3202502133131311133131311331111331113333111111311111111313331
00028 321220133111311333331111131111111131311331111333131111
00028 3212202311131311133131311331111331311331111113313311111313331
00028 322220113111331313331111333331311131313311131331131131
00028 3222202311131111113131331131311331111113111113311331133313311
00028 323230133311111333331311113311113131111331113331331111
00028 3232302313131111331133311331111131113111111111313113131313311
00028 324240133311331333331111331311111131313111133333331111
00028 3242402313131311133133331333131331333333311113313331133333331
00028 325280133311333133331313313131133131113111111313131311
00028 3252802311113111333311311331331333331333313313333131133313331
00028 326260131111311333331111333331311131313311331331333131
00028 3262602311111131111313131331111313311333131313313111111313131
00028 327430131311311333331131333331113131111331333331131131
00028 3274302113131311313133311331131331113113111113331113131333331
00028 328330113313331333331131113311313131313311331331131131
00028 3283302311311111113333311331131333331333131113313111131313311
00028 329340133111311333131111113331311131311331131331131111
00028 3293402111111111133333311331131331113311113111313111111313331
00028 330400133111311331331311313311313131111331133331331131
00028 3304002313131311133133311313111113113133111111113331131313331
00028 331270133311311333331311133331313131111331131331331131
00028 3312702113111311133133111331111131113113111311313131131113331
00028 332400133311331333331331331131111131311331113331133111
00028 3324002311331113133133331313131331111333111111313331133313131
00028 333320133311331333331331333111313131313131313331333111
00028 3333202311131313133133331333131311111333131111313133131313131
00028 334250133311311331331331131331311131311311133331131131
00028 3342502331111111133333311331131331313333111111313311111313331
00028 335430133111311333331111311331311131311311133331131131
00028 3354302333131313133133331333111333113313111111313331131313331
00028 336170133311313333331131113131311131333331311333133111
00028 3361702131113313113313331331131131311333111313313111131333311
00028 337170113111331333333331313111113131111311111331333111
00028 3371702331133313133111311331111331311313111311313331111313331
00028 338180133313331333333331313111313131313331311333333111
00028 3381802133111313131333333333331331313313133113331311111313131
00028 339180133111311333333311313131111131111331111331331131
00028 3391802133131313113133313331111331113333111111333331111313331
00028 340180133111111333133111333311111131311331133331331131
00028 3401802113131321133333311331131331113333111311313111111313331
00028 341180133311331333331131131131311211331331111331333331
00028 3411802311131111133133131131111111111333111313313131131313331
00028 342180113311311333331131333311311131313331311331133131
00028 3421802111113113113131311333131331111333131331313111311313331
00028 343180133311311333333311311311313131111331333331331131
00028 3431802333111333133133311331131131113333111311313133311313331
00028 344180113311311133331131333111311133331331311333311331
00028 3441802311133113313313311333131113111333111311333131133113331
00028 345190133311333333331331333331313131113331331331133331
00028 3451902333331333113131131333111331311313131133333131333313331
00028 346190113311111333331333111331111131311331131331331111
00028 3461902311131311133133311131111333113333111111331331111313311
00028 347190133111311333331331331311311131311331133331131131
00028 3471902313131311133133111331111131113333113113311331133311331
00028 348190111311331333311331333131333131333131331331133131
00028 3481902311113111113111111333131333311133131113113131133313121
00028 349190133311331133333311333311313131331331331333311131
00028 3491902113111313133113131333131331311313311113113331133333331
00028 350190133111311333331111313111111131311111113333131131
00028 3501902113131111113133111333113333311113111331313131131333331
00028 351190133311131333131311333331313131331331113331331111
00028 3511902333131313133131311131111331313333111313313331111313331
00028 352200113311333333331133313331313131333331311333133133
00028 3522002331133133313131131333333333131331131113313133333313131
00028 353220133311332233331331313311313131131131311331333111
00028 3532202331131313133111331331133133311113331133113313133313331
00028 354240133311231333331331333311313111331331311331333131
00028 3542402313331313131331331331131331313333111113313111133333331
00028 355260133311331333331131333311311131313311331331133131
00028 3552602113131113113133331333111131311331111111313111131113311
00028 356200133311111333331331133331331131111331331333333331
00028 3562002311131313133131313331311331313133111311313331113313331
00028 357210133311311333331311133311113133111331331331331131
00028 3572102311133313133133313133111331313133111113313113331313331
00028 358230133311312313333131311331333131131331333331133131
00028 3582302313133313333311133333131131333313131333333133313133331
00028 359200133311311313331331333311313131113311331331313111
00028 3592002331131113131131311331131331133333131113333331131313131
00028 360210133311311333331113331111313131313331333331331131
00028 3602102113131311133331331333131333113133311333333131133333311
00028 361200113311331113333111333331331131311311311331131331
00028 3612002111111113113311331313131131111333131311311331133113331
00028 362190133131331333331333133331311131311311133331333131
00028 3621902333131313133331311333111133313333131113313131131333131
00028 363210113311331333331133133131313131131131331331333311
00028 3632102311131113133133331333111331313333331113333133133333331
00028 364210133111311333331131333311311131131331131331133111
00028 3642102311131113133131311331111131113333111113333131133113331
00028 365230113311331333331131333331313131133331311331133131
00028 3652302313131313333333331333311333313331131313313331333333331
00028 366240133311311333331311313333111131111331133333331111
00028 3662402111131113133333333333131331133133131311331113131313331
00028 367210133331311333331311313331311133133331131332133331
00028 3672102331133131113133311131313333113313331331313131133333331
00028 368200133311311313331313333331313131333331333333331111
00028 3682002113133313133313331331131331313333311113111313111313331
00028 369210133313331333331311313111313131131131311333331111
00028 3692102313133111131311333331311313133333133111313333133333331
00028 370230133311333313311131113131311131133311331333133131
00028 3702302331133313333313331333313331331333133333133331133333131
00028 371240113131331331331311131111313133113311331333331131
00028 3712402113331313133133331333331333113313131313333331133313311
00028 372230113311311333331133333331313131131331133333331131
00028 3722302331133111133333313331311331311133311331313331133333331
00028 373200133311311313121111131111311133331331311333331131
00028 3732002311333113113313311331111131313333131113313311133333311
00028 374200133311331333331111331111331133111331331333331331
00028 3742002331131313333133331333311331311333111331313131133313311
00028 375210133111311333331331333331311131331331333331331131
00028 3752102311131313133133131333131331313333113333333111131313313
00028 376210133311331333331131133111311111131331313333333131
00028 3762102311311113113131331333311131311333311313113331133333331
00028 377200133311331333331131133311311111111331333331131131
00028 3772002311311113111133331333111131311331311313313331133333331
00028 378210113311331333333311131111333133111331133333111331
00028 3782102333133311333131331333133311311133311333331133133313311
00028 379200113313331333311333333311313133111331311333333331
00028 3792002133113331333113333331311311333313113313313133133313331
00028 380200133111311333333311313311113131331331333331331131
00028 3802002133131311133333313331131133113333111111313311131313331
00028 381220133311313333331131133331331131111311333331133111
00028 3812202311131311133133311131111331111333111111313111131313311
00028 382240133331313313331313313131333131311331313333311111
00028 3822402313131333133111331333131333311333111313313133133333331
00028 383210133331331331331333133311313131113331133333332111
00028 3832102313131333133333333333331111133333131331311133133333331
00028 384220131313311333311331133111313111113311333331132311
00028 3842202313133313133131131333111311133333111311133133133311331
00028 385200133111331333311311333331311131313311333311133131
00028 3852002311131313133131313331111331313331111313313313131333331
00028 386190133311311333331311111311333131311331133331331111
00028 3861902313111311133133311331111333133313111111311111111313331
00028 387200131311331133331131313111313133113331313111333131
00028 3872002111131333313331331313111331111333131333313111333313331
00028 388210113311331333331331333311311131113131131331313131
00028 3882102331111113133311331333111331313131131113313133133113331
00028 389260133311331333331131313111311111111331131333333131
00028 3892602311111313133311311333111331111331111331311131133313311
00028 390190113111131333331311113131113131311331131333333111
00028 3901902311131311133133331331111333113331111111313111133313331
00028 391200133311311333331331333111313133131331113333333311
00028 3912002313331311333331311333131331313333311113333131313313111
00028 392210133311311333331111333311313131313331331331333111
00028 3922102311131113133331331331131131311331111111313113133313331
00028 393190111111233333311331133131113131311331133333331111
00028 3931902313131311133333333331111131113333111111313333131313331
00028 394240133331331333331131133331313131313311133331133331
00028 3942402313133311333133331331131331311333131113313131133113331
00028 395200133313331333333331333311313131133331313333333113
00028 3952002313311313333131331331131331313333131113313333133333331
00028 396260133111331333331111133331311131313111331333133111
00028 3962602331111113113331311333111311311333131311313311131113331
00028 397200133111131333331111313331311131111331133333131131
00028 3972002331331313113131131333133333311333111311331333133333331
00028 398190133311331333333311313311313131131331133333131131
00028 3981902333331313133133313131111331313333111311313333133313331
00028 399200113313331333331331333311313131111331131331331111
00028 3992002333333313133133113331131311331311311131313131333313331
00028 400190113311311333131111313311313111313331131331311111
00028 4001902313133311131131331333111133333111131111331313131333331
00028 401220133313331333333311333311313131131331313331131131
00028 4012202333331111133333331333133331313333111313113333331313331
00028 402220133311331333311331311131313131113311113333331131
00028 4022202333113313133313333333111333313331111313113313133313111
00028 403220113311331311311131133331331133311311331333133331
00028 4032202331311133113111331133111311331331111111133131333113311
00028 404220133111311333331131313331131131113131131331331131
00028 4042202313131311133111111131111133131133111311313133133113131
00028 405190113311331313331111133331331133111331131333133331
00028 4051902311111311313133131333111131111333111313113131133133311
00028 406210133311131333331331333331333131111131133333333131
00028 4062102313131313133131311331111331113333311331313133133333331
00028 407200133311331313311111333331311131313311133331333131
00028 4072002311133313133113311331111333111333111111313331133313331
00028 408220133311331333331331133311313131111331111331331111
00028 4082202313131313133131311131111131113333311111333333131313331
00028 409210131311311333331311113331133131111331331331331111
00028 4092102313131313133333311331131131113133111133313113131333331
00028 410230133331331333333313133311331131333311331331333131
00028 4102302313111111133333331133131133313331131313313111131313331
00028 411210133313331333311331133311333131311331331333133133
00028 4112102311133113313133331333133331331333131133331333133313331
00028 412220113111331333331331113131311131313311311331131131
00028 4122202333131313113111131133311313311333331313313131133313331
00028 413190133111311333331331313331313131311331133331333131
00028 4131902313111311133331311331111131113331111111313111131313311
00028 414200133111311333331311313331131131111331133331331111
00028 4142002113331311131333311331131331111313111311313111131333331
00028 415220133311331333331111111311313111331331111331131131
00028 4152202331131313131331331331111333311133111313311111131333331
00028 416230133131331333111311131311313131313331311331331131
00028 4162302313113311331331331333111331313313131113331331133313311
00028 417190113311311133331331313131311131313331311333133131
00028 4171902333133111133131331333131333311333111313133313333113331
00028 418210113133311333331333133311333133133311311333331111
00028 4182102333131313133131133331113331313333331313313111133313331
00028 419250113311331333331331333311311331311311311331131131
00028 4192502313113313133133311331313313313333111133133131333331111
00028 420210133111311333331311333311113131111331133331331111
00028 4202102313131313133133331131131131113333111133313113131333331
00028 421200133111311333331111311131311131311331133131331131
00028 4212002113111111133131311131111333113333111113311131133313331
00028 422210133311331333331311313131111131111311133333111131
00028 4222102313131311113131331131111331113333111113313133131313331
00028 423220133321331333331331311311311131111331111333331111
00028 4232202311131113133133131331133131311111111113133131111113331
00028 424200131313331133331333313311313131133331133333333111
00028 4242002313133313133131331133113131111133131331331131133333331
00028 425200113131331333331311313311311131111331333331131131
00028 4252002313131313133333311333131133313333131313311311133333331
00028 426210133313313333331333131331113131111311133333311131
00028 4262102333131113333131313331111333313333111111313333133333331
00028 427230133331111133331131333313313131313331311331133133
00028 4272302313131313333331133333331331113133111313113131131113331
00028 428200133133131133331331333311133131113331133333333311
00028 4282002333313313133111131331131311333113111111133333133333331
00028 429200133311311313331111313131113131311331311333131131
00028 4292002313333311113111331331111333331333131313113131133113331
00028 430200113311333313331111313331111131333331333333131133
00028 4302002131111333313311311133111333311333113333313131133113311
00028 431210113113311313331111133331111131111331133331331111
00028 4312102311131311133333311131111311111311111111313131133113311
00028 432190131313313333331313313111333131111331113311331311
00028 4321902331113313133113313333331111311313111131313131133113131
00028 433210113311311313331331331331313131113331311333331111
00028 4332102331113113313111331333111131111333131311133331131313311
00028 434210133311313333331333313111313131113331131313133111
00028 4342102311331313133331331331131331113313111113313311131313331
00028 435210113311311333331111313311311131111131133331331111
00028 4352102313131331133133111131111131113313111311311113131313331
00028 436200113313311133331131333131311131331331311333313131
00028 4362002311133333313331331131131331311333131113313131113333331
00028 437200113331311333331131133131311131131331311333331131
00028 4372002331131311333331313133111311311333111131313311133313331
00028 438190133113331333331333113311113131111331313331131111
00028 4381902333111113133133311331131333313313111311313313133313131
00028 439210133111331333131311133331313331311331113331131111
00028 4392102311131313133331311331131311113311111113331111111313331
00028 440230133131311333331311311311111131111331133331331131
00028 4402302331111311133331113333111331113133111111313131113313311
00028 441210133311333333331331113111133131133331111331331131
00028 4412102111131311133113311131111111333311111111333333133313331
00028 442240133311331313331131113131311131313311311331133331
00028 4422402331113113313111331133111333311333111333313333133113331
00028 443240133311333333331133113131333131313311311333313133
00028 4432402311111113113331333133111133111313111311313331133113331
00028 444220133311331333331331333111331133113331113331331111
00028 4442202333131313333333331331113331313331131113311333133313331
00028 445200113111313333311311333131313131311311133331131131
00028 4452002331131313113331311333111311111333111111113131133113131
00028 446220133311131313331113313131313131313331311333133131
00028 4462202311311113131131331133131333313331111113313331133313331
00028 447220133333313133331313313131311131313331131333331131
00028 4472202313133311133133311333131333113331111311313331133313331
00028 448230133111311333331311333311113131113331133331331111
00028 4482302111131311133133131131131331133133111133313133133313331
00028 449210113113311333331111133311111131111331113331331311
00028 4492102311131311133133311331111131111313111111313111133113311
00028 450210133311331333333131313313331131131331331331133111
00028 4502102313113113133333331133111131313333313133333133333313331
00028 451200113111311333331131133311111131311313331331131131
00028 4512002311131111113313131131111331111333111313313331131313331
00028 452220133113333333131111333111333131111331331331333111
00028 4522202313333311133331331333131331113313111311333133111313331
00028 453210113111311333331111333311113131111331133311331111
00028 4532102313131311133131311131131131111311111333311131111313311
00028 454200111111333133331313331111333131311331133331331311
00028 4542002331133113133111111333331331311333111333331133133113311
00028 455210133311311333331131313131113113111331331331131131
00028 4552102331111311133133331331131333113333131131313131133313331
00028 456200113131331333331111313331131131311331133333331131
00028 4562002111113111133311311131131333111331111311333331133113331
00028 457200133131311333331131333331113131111331311331333111
00028 4572002331131111133113331331131131113333111311333131133313311
00028 458250133111331333333311131131311131111331313311331131
00028 4582502311111311113131311131111131113313111111311131131313331
00028 459210133311331333331111311311313131311331331333133131
00028 4592102311111313113131331333131133313331111313313331133313311
00028 460210113313311333331333311311313131113331313311333123
00028 4602102313131311133313331333131311313133111133133113133313311
00028 461200111311331333333311313331111131111331131331131311
00028 4612002311131111133131311131131131313331111111311111131313311
00028 462220111311331313331311113331313131111331133333333331
00028 4622202313131333133311333133111333133333331313113331133133331
00028 463220133311331333331131333131313131113311133331331133
00028 4632202331133311133131331131111311313333111131333313133313311
00028 464220133311331333333131333131311131311331331331331331
00028 4642202313113113133111331131131331311311111313113131133333311
00028 465230133311331333331111313311111131311331311331331331
00028 4652302331131313133133111331111333111331111333313311133313131
00028 466210133111333333331131333331111333331311313331333111
00028 4662102333133311133131331331131131333333111313113131133113131
00028 467220133111331331331133312131313131113331311331333111
00028 4672202313133111133133131113131333313333331313333331333133331
00028 468200133311331333331331331111311133313331333331333111
00028 4682002311131313133333331133111331313333131113313333131313331
00028 469210133313331333331131313113311133313331331331131131
00028 4692102333133113113333331133131333313333111313313311133313331
00028 470210133111331333311111331311111131113331113331333111
00028 4702102331111313133333311331111311113313313111333331311313311
00028 471210133311331333331131131131311131313311331311133131
00028 4712102311331131113331333333113111311311131313313311131113331
00028 472200133111331333331311331311313131311331133331331111
00028 4722002133331311133133331331111331113333111111331331133313331
00028 473210133311331333331331333311113131113331113331333111
00028 4732102113131311133131311333111331113331111131313111133313331
00028 474220133311311333331311111311313131131331331331331331
00028 4742202111331311333133331333111311313333311113313111131313331
00028 475210133111331333331311333111113111111331113331331131
00028 4752102131131113133111311131131331113331111111313131133313331
00028 476210133131333333331113331111131131331311313333131331
00028 4762102313133131333133133131131331313333111113311331133313331
00028 477220131111311333331111333111313131131331331313331311
00028 4772202131133111133131313331131331311333111333313133113333311
00028 478220133111331333331331111131111131113131331331333131
00028 4782202311111111133331311333111333311313131113331131133113331
00028 479210133311331133331331113331313113111131333331331313
00028 4792102113331313133311331333111333313333111313313331133133331
00028 480200133311331333331311133311313131133331331331133111
00028 4802002333131311133133331333131331313333111333333133133333311
00028 481210133313333333331331111311133131113131113331331111
00028 4812102333111313133333311331111331113113111111331113131313331
00028 482200133311331333331311133311313131131331331331133111
00028 4822002333133313133133331333131331313333111133133133333333311
00028 483200133311331333331331333313313131111331133331331111
00028 4832002313131311133133331131111331113331111111113111131313311
00028 484210113113331333311313313331113311111131133313331131
00028 4842102331131333131131311333111313331331131133333133133313311
00028 485210133311331313311131333311311131133331311331333133
00028 4852102313111311133133331133111331113331131313333131133313331
00028 486210133311331333331311333311333131111331331331333311
00028 4862102333131313133113331333111333133133111313333111333313311
00028 487210113111311333331311331331313131111331133331131131
00028 4872102331111131113133311331111131111331311111311131131313331
00028 488200133311311313331131333331311131313331111331131131
00028 4882002111131311133133111131111113111333111113311311331133331
00028 489210133311333333311313313311333131311331113333331311
00028 4892102313331313333133333131131331333311131113313133131333331
00028 490190113113311333331331333311113113113311133311133111
00028 4901902111131111133333311331111311131333111311313313311313331
00028 491190113113311333331311333311313131131331133331331111
00028 4911902313111311133133311331111331113331111313313131133313331
00028 492200113111311133333331311111311131313331133331331133
00028 4922002113111311133133311331111131313333331311333331133313331
00028 493200133311313333331311333311313131311331113333333131
00028 4932002313111313133131333333111311113133111131313313131333331
00028 494200133313111333131311333331313131111331133331331111
00028 4942002333131313133131311331111331113113111333113331133313331
00028 495200113131311113331311133311133131111311113331133131
00028 4952002331333311133111311331111331131133111331113133133113311
00028 496200113313331313331131333331313131313311131331333131
00028 4962002311131313113331311133111131311333131133313111131133331
00028 497200133113313133333333333113133131113331133333333311
00028 4972002333111311133133313311111131333313131111313333113313331
00028 498200133131313333331113331131313133311311311331331131
00028 4982002311113113113131111131111331311333111313313131133313111
00028 499200133331331333331333333311313131313331331333333113
00028 4992002333133311133313331333331331313333131111133333133313331
00028 500200113311331333331311333311313133111331133331331311
00028 5002002133111313133311311331331331313331311111313133133313331
00028 501200113311311333331131131331313131313311331331133331
00028 5012002311311113113111331333111331311333131113313111133313331
00028 502200111331333113331133113133333131111331313333333331
00028 5022002331113113133113133333331133331333133333133331133333331
00028 503200133111311333331311331311113131111331133331331111
00028 5032002113131311133133311331111331113333111111313313131313331
00028 504200133111311333331331333311111111311331133331331111
00028 5042002133131311133133311331131131113313111111313111111313311
00028 505200113111331333131331311311113111133331113311131111
00028 5052002133311111133111111331111333311311111311313333131313311
00028 506200133131311333331331333131133131313311111331331111
00028 5062002131133313113111313131311111331331111331113131133313311
00028 507200133111311333331311333331111131311331133311331331
00028 5072002333111311133131311131131111311331111311313133133313331
00028 508200133333333333311333333111113333131131311333333131
00028 5082002331133313333311313331311331313133133311333133133313331
00028 509200113113313333331331333111133131111331113313331111
00028 5092002313131313133133113331131333333311111111333133133313331
00028 510200113311311333331311133311113131111331133331331111
00028 5102002311131311113111311131111331113331111111313331111313331
00028 511200113313333333331333331111333133113331113333331111
00028 5112002333333313333131133333111331333313131113111133133333311
00028 512200113131313333331313331111133131111331133313331111
00028 5122002133111313333133311331111131113313111111311133133313311
00028 513200113313311333331131133131331131333111331331133131
00028 5132002331131113113331333133131331313333131313333111133333131
00028 514200113113313333131311311331331333311311311331131131
00028 5142002111133311113113313331131331131313313311311331133113311
00028 515170133311311333311113333131311131311131331331331131
00028 5151702311111131113131111131131331131333111311311131133133311
00028 516160113311331333331111313111311131111331331331331131
00028 5161602311111113113131331333111333111133311113113113133333311
00028 517160133311331333311333113331331133331331113333133313
00028 5171602331333113313331331131131313313333133111111311133313331
00028 518180113311331333331133133333311131333311331333133333
00028 5181802311311133113331333333131333331331331333113131333133331
00028 519180133311311133331111333331311133111311331333131131
00028 5191802311131313133133311331111331113331111311333131133313331
00028 520170133311333333331331133311333133113331131333133331
00028 5201702331133313113331311333131311333333133331333131133333311
00028 521180133111333333331131333111311131111311111111131111
00028 5211802313113313133133131333131111313333131111313111113313331
00028 522180133333331333331313333331313131311331133131313311
00028 5221802313131313133313313331311331111333111131333333133333331
00028 523210133311331333131333133311313131133331313331333131
00028 5232102311131313133333331333133333333133131331313311131313331
00028 524190113111331333331311333111113131111331133333333111
00028 5241902313311313131111331331311111113333111111313333113313311
00028 525170133311331333313133331111333133111131113333131111
00028 5251702311111311133131133331111331113333311331311331333313331
00028 526180133311311333333333333311313133111331113331131131
00028 5261802113111311133133311331131133313313131311313311131313331
00028 527200133311331333331311333331313131311311331331331111
00028 5272002333131313133333331333131331313331111113331111131313331
00028 528190133311331333331331313311313131313331333333131131
00028 5281902311111111133313131331111313111313111113313111131313331
00028 529180133331331333331333311311313131313331133333331131
00028 5291802313131311133333331331131331313333131113113113133313331
00028 530190133111311333131311133331113131311331133331333111
00028 5301902313131313133131131131111331113313111311313111133311331
00028 531170133111311333331333333331313131311331133331333113
00028 5311702313131311133133311333111331313333111311313333131333331
00028 532200133311311333131331333331311131111331331331331131
00028 5322002331131333133131331333131131313331131131313331131313311
00028 533190133311331333331131133311311131333311331331333131
00028 5331902311131313113331331333113331333333311333313131133333331
00028 534170133311311313331333313331311131331131333331333131
00028 5341702313131113133133311131111131113133111113331111111313131
00028 535200133311311333333311131311311131311131133331331111
00028 5352002111331311133133331331111131113331111311311311111313331
00028 536190133311331333331131113131313131133331311333333131
00028 5361902333133313313133333133113331313133131133113133133313331
00028 537180133313131333311333333333311131133331313313333311
00028 5371802311133313133113313133131313333333333131313133333313131
00028 538180133111331333333333113311313131313333113331133111
00028 5381802331111313333113111331111333311331131111113333133313331
00028 539180133311331333333333333311333131111331331311333131
00028 5391802333131111133111333333131331313333111133313131133313331
00028 540210133313331333331331333311313131313331113331331131
00028 5402102333111111133113331331111131333313331113113331133313131
00028 541180133111311333331313113311313111311131131331131131
00028 5411802313131313133133311333131331313331111313313111131313331
00028 542170133311331331331331333311313131133331113331331111
00028 5421702133111311133133331331111133313313331111331333133313131
00028 543180113331311133331131311331333131311331133331131131
00028 5431802333131333133333311133111333111333111313113131133313331
00028 544180133311311333333331333131313131311331133331131131
00028 5441802311111311133133311331111131313333111111313131133313131
00028 545180133311331333331131333131311131313311331331133131
00028 5451802311131313133131331133131131311333131113313331133113331
00028 546190133311331333331133133131333131113311331333333131
00028 5461902333133313131333331333111331333133131133113133133313331
00028 547180133111111333133313133331313113311331133331333131
00028 5471802313331311333133311333111331313333111311313133131333331
00028 548190131311311313111311111331313331131311331333133131
00028 5481902331113311113133111131131311113333113313311131133313331
00028 549170113311331333331331313133311131313311311331333131
00028 5491702311111331113133331133133133311133131333313311133333311
00028 550180113311331333331111331131311131311311331331331131
00028 5501802111111113133131311133111131311333111313111111133113131
00028 551170113331333333331333333131333133313311113331333131
00028 5511702331131333333111331131333311113331111133313113133313111
00028 552190133311311333331311331311113131111331113331331131
00028 5521902313131311133133311131111331113313111111333111133313331
00028 553190133311311333311311133331313131311331133311131131
00028 5531902111131311133113311131111311111313111111313113133111311
00028 554200133311331313331331313331331131113331311331133131
00028 5542002311131113113133331131111133313133111113113111131113331
00028 555190133111331333133111331311311131131111331331331131
00028 5551902331111111113131331331313312313133113131311331131333331
00028 556180133211311333311131313131111131113111131333333311
00028 5561802311113313133113331331131331111133111311333133131113331
00028 557190133311311333131333313131331331131333133331333331
00028 5571902333131311133133311133131331313333111311111131133313331
00028 558180133333331333331313331331311331311131311333333131
00028 5581802331131133133111113331131111313333331333333131133333331
00028 559170133311333333331131313131311131313311331333133131
00028 5591702331331113113131331331131333111333131333313111133333331
00028 560180133111331333331311133311111131311311331331131131
00028 5601802313131311113133111331111333113131111113133111133313331
00028 561180133111331333331131333111311131113331113331333131
00028 5611802311131313113331311333111311313333131111313111113313331
00028 562160133311331333331131333131311131113331133331333131
00028 5621602311111313113311331333111111311333131113313111113313331
00028 563190133313311333331331113331113131311331133333331111
00028 5631902313331311133331313331111133113313111111311131111313331
00028 564170113311331333331331313111313131111111131331131111
00028 5641702113133313133131331131131313333313111111113313133333331
00028 565170113111331333331113311311311133331331133333331331
00028 5651702313313313133111111331331333313113111113313133133333311
00028 566200133311331333311331331111313131333131311333333131
00028 5662002313131311133333331333111331113133131311333131133313131
00028 567170133311311333331331333111333131111331133333331111
00028 5671702133111313133133331331111131313133111111313131113313331
00028 568180113311331333331113133311333133131331311333133331
00028 5681802311133113133311331333113333111333111111113131133333331
00028 569160113313331333331331313311313131113331133333133111
00028 5691602113131311133133331331111331313333111331311313133313331
00028 570180133331313333331131113311313131311331111333131131
00028 5701802131131313133133331131131333113333313333313131133313311
00028 571170133313333113311331333131111131113131113333331113
00028 5711702131133311133113331131131331313333111331313331133113131
00028 572180133313311333331311331111113131131331333333333333
00028 5721802313113331133311113331131131113133331313113111133333331
00028 573180133311331333331311313111311131311331133331331131
00028 5731802313131311133333311333111333313333111113313133133313331
00028 574170133111313333331331313111133131313331111331333311
00028 5741702131133313133131311331331133331311131313313133111313331
00028 575170133311311333331311333111311131113331111331331331
00028 5751702333331313133333333331111331313131131113331111133313331
00028 576170133311331333331331113331311131311331331331133131
00028 5761702311111111113133331331111133111333131333313111133313331
00028 577180133313313333331331333111333111313331113331333111
00028 5771802313111313133113311331111131113333131131313111131313331
00028 578180133311331333331311313311313131131331313333331311
00028 5781802311131313133131331333131331313333311133133133133333331
00028 579180133311331331333311311111313131111331133331331111
00028 5791802313131331133113311331111133133333111311311133133313331
00028 580160133313333333331333131111313133133111131333133111
00028 5801602331133313133311111331133111133331333133133313133313311
00028 581170133313331333333131313331113131113131131313133131
00028 5811702111113313133131311131111333111333111133113131133313331
00028 582170113313311333331331333111313131311331133311313131
00028 5821702313131313133333111331111331113331111311313113111333331
00028 583190113311331333331333313111313131133331333331333331
00028 5831902313311133333311331331113333331331331333113311133333311
00028 584170113311131311311133313131331131313111331331333131
00028 5841702311113313113131331333131331313333131333313131333313331
00028 585170133311331333331111313111313131113131331331131111
00028 5851702333131311333131311133131331113333111113113331133313331
00028 586180111311333111311131333131311131311111331333133131
00028 5861802331133113113311331133113331311331131133313131133113111
00028 587170113111331333331111313111311131111131331333331131
00028 5871702131131111113331133131131131111131111311313131133313331
00028 588180113311331333331333113131331133333311313331133131
00028 5881802331113311113133331333113333313333133133133331133333331
00028 589180111311331333331131113111313131133311333333131331
00028 5891802311333111333133131133111333313333131133113333133313311
00028 590180133313311333331333313111313131113331331333333111
00028 5901802311131313133131331333131313111333113133113131133113131
00028 591180133311311333331331333131313331311331111333131311
00028 5911802311331311133331331331111333113333111113311133113313311
00028 592180133331333133313331333311313133131331331333331311
00028 5921802313113313133313131333131131313113111111313133133313331
00028 593170131313331333311331313111333131113331331333313311
00028 5931702311131313133311313333133331113313133311133311333333331
00028 594180133331333333331311333111311133131331331331331131
00028 5941802313133113133331131333111333313333111313313133133313331
00028 595180133311331331331111333111311113313311333313331131
00028 5951802313133311133331111133111333313333111311333113133313331
00028 596170133311331333331331333331311131131331131333331331
00028 5961702331131313133133331333311331311331131133333331131313331
00028 597190133111331333331331313113311131313311311331133131
00028 5971902313131113133133333131131331113131111311113111111313331
00028 598180113313331333331331313111333331133331313333333331
00028 5981802333113313333133113331111311313333131111133333133333331
00028 599180133311331333331331313113333333113331333333333131
00028 5991802313113313333131313313133311311133131123313111133313331
00028 600170133331331311311333113131111133133331113133333311
00028 6001702333333313313111333131311313311333133331113133331113111
00028 601190133311331333331331313331331131113311331333133131
00028 6011902333111333313331333333131313311133131313313331333333331
00028 602170133111331333313311333111133131111331113333331111
00028 6021702333133311333133311331111331333333111111313313133313131
00028 603170113331331333311311333311313131133331333311111131
00028 6031702313131331111333311331111331113111331313312111131311331
00028 604170111311131333131331133311311131311331333311331131
00028 6041702311131311113133331333133131313133311113313111131313131
00028 605170133313311333131311133331333331313331313331333111
00028 6051702311331311133133311333113331313131131113313111131313331
00028 606170133311311333331311333331313131333331313331333111
00028 6061702311131311133133311333111331313331131313313111131313331
00028 607170133111331333131311333311313111111331331331331111
00028 6071702331111331133131311131113131113133111111313113131313331
00028 608170133333331313311333333131333133313331311333333331
00028 6081702331133313333131331333331311313333131313113131133313331
00028 609170113311311333311311333311311131311331133331131131
00028 6091702313111111113331111333113331313333311111311311333313331
00028 610170133311131333331333333311313331311311333331133331
00028 6101702331331113113131333333111311313133131113113331133313331
00028 611170133313131331131311133311313131131331331331331131
00028 6111702111331311133133311331111331113131311111313131111113131
00028 612170133313331333131311133311313131311331133331331111
00028 6121702313331111133131311131131331113133111111333333131313311
00028 613170133311311333331111331311311131311311133331331331
00028 6131702331331331133131311333113311113133111113313131131313331
00028 614170133311333333331313333311313131113331333331313111
00028 6141702333131313333311133333133133313131331131333313133313331
00028 615170113311333333331331133131313131113131131331331331
00028 6151702311131311133313331333113331111133131333333311133313131
00028 616170133311311333131131333311311131331331133331333311
00028 6161702313331311133131311331113333113133131111131111131333331
00028 617170113311311333331311333311311131331311133333131131
00028 6171702313131311113333113333131131313333111333333131133313331
00028 618170133311131333331111311313311311313131331331331331
00028 6181702311113313113331333133133331333333131333311131133313331
00028 619170111331333313331331131331313131313331313331333131
00028 6191702311331113133331331333131331313333131313311331133313331
00028 620170133111331333331311113331311111311331313331131133
00028 6201702313111331113133111133111333113113111113111111131313331
00028 621170133311331333331331333311313113133331333331333131
00028 6211702311133333133333333333111131313113331313333113111333331
00028 622170133311311331331311133331311131311331133331331131
00028 6221702311133111113133311331111331111331111111311131131333331
00028 623170133311331333331331133311331131313131333331131331
00028 6231702311111313113131131333113331313331111333333331131133331
00028 624170133311331333331333333311313131111333313333333131
00028 6241702313133313133133331333133331313333111313333131133333331
00028 625170113311331333331313131331313133111331333333313111
00028 6251702331113313133133313331133131313333131113313123133333311
00028 626170133313333333311333113111333131133331113313333331
00028 6261702331313313333311131333313331313133131133313333133333131
00028 627170111311331313333331333131333131133311311333333331
00028 6271702313311313333333331313111331313333131113131131113133331
00028 628170113111311333331311133331311131311331133331131131
00028 6281702311331311333131313331111131313331111131313313111313331
00028 629170131311331333331331113111333131113311133333133131
00028 6291702311313111133133331331131333333313111311133131131333111
00028 630170131311333313331331133111311131313311311331133331
00028 6301702311133313313111311333131133311333111313313313133113331
00028 631170131311333313331131333131333133113331311331331131
00028 6311702331113313133331113131113333313333111133133131133113131
00028 632170133313331133331313333111313133311331113333331111
00028 6321702113113311133333311333111331113333111111313331133333331
00028 633170133331311333331131333331113133111331133311331331
00028 6331702331133311131131333331113331113331111133313331331333331
00028 634170133331331133331313113311311131311331333331331331
00028 6341702313133311133131333331113331313133111111313311133313331
00028 635170133111333331331333113131333131133313131331333331
00028 6351702331113313113311333133131313331333133133313331133133111
00028 636170131311133333331333311331313331331331113331331131
00028 6361702311331313133133133333111333113333131311311331133333331
00028 637170133311331333311311333111333131111331113333133331
00028 6371702333131313131113133333111311313313131333333133133333331
00028 638170133313331333331313331111323231113311313313333131
00028 6381702333313313333131313331131331313313111313313113131133331
00028 639170133331331333313331333111313133331313111333331331
00028 6391702333333133333133311333333311313333113113133133333333331
00028 640170133313313333333131133131313133313311131331133131
00028 6401702333131313133131333333111331313333131131113333133313331
00028 641170133311331333331311133111313131113331133333331111
00028 6411702113131311133133331331111131113331111111313133133113331
00028 642170133311331333331131133131311133313331313331333131
00028 6421702311113333113113331133131333311333113133113131131113331
00028 643170133111311333331331133331331331311331333333333331
00028 6431702311133313113133331333131131313333111333313311131313331
00028 644170133313331333331113333333331133133311311333333131
00028 6441702311133313313331133133113333331133333331133331133133331
00028 645170113311331333331133133131313131133331133331131331
00028 6451702313331333113133131331111133133133131313111312333333331
00028 646170113313331333311311311311133133131331311331331311
00028 6461702311333333333113331133111333311133113111111333133133331
00028 647170113311331333311131333131311131113311333331113131
00028 6471702313111311113131131131111331313333131313113331133313331
00028 648170131311131333133133133331311331113311331331133331
00028 6481702331311113111131111133111111311111111113313333333333131
00028 649170113313331333311111133111333131133311313333113131
00028 6491702311113113333111311333133111311131131133113331133313331
00028 650170131311331333313111333111331133313111133311331331
00028 6501702333111331331133311333113331133333111333113333133313331
00028 651170113331331333331331333111311131333311331331333131
00028 6511702311131313113131333331111331111333131133313111133333131
00028 652170131311331333331331313111331133131131313333331331
00028 6521702333131113333313333333131333313333111333133311333133331
00028 653170133131311331331311331331313131311331133311131111
00028 6531702313131313131133311133131311113333111113333133333133331
00028 654170113311311333333131331331313131333113131331333131
00028 6541702333131113133331333331131331113333111133313131131313131
00028 655170133331333333331331331311313131111331133333131311
00028 6551702313133313133333133331111311113333111111113133133313331
00028 656170133111311333331311133331331131311331111331331131
00028 6561702113131311113333311131111331113333111111111311111313331
00028 657170133311133333331311333131313131331333311333331331
00028 6571702333133313333333331133113311333333113133333331133133331
00028 658170131313333313311131113131311131313131311333133131
00028 6581702331113113313311133333131111331333133133113331133113131
00028 659170133311331333331131131311313131311311131331133133
00028 6591702331131311113331331333133331313113111133111333331313331
00028 660170133311331333333331313311113131131331133331333131
00028 6601702311331311133133311133111333313333111111313111133313331
00028 661170113312333333333131313111313133113331131331333131
00028 6611702331131333133111131333131311333333313133313113333331331
00028 662170131313131133333331333111333131333331331333333111
00028 6621702331313313133133131333311331331333133133133333133313131
00028 663170133111311331331331333331311131311331313333131111
00028 6631702311133311133331311331131133113333111133331113111133331
00028 664170113131131113111111313331131131311311313333331331
00028 6641702311111111113131311331111133131111311133113111113113331
00028 665170133311331133331111313311313131133311311331333131
00028 6651702311133313133131331333113133313133131133333333331313331
00028 666170133313131333331333113311333131333331313333333331
00028 6661702313131313133131333133111331313133131113113331133313331
00028 667170133313331333331331133131311131311131131331133131
00028 6671702311111313113133333133111331311333111311313111131313331
00028 668170133311331333331131133131311131313331333331333131
00028 6681702313111313131133311331131331313331311311313111131313331
00028 669170133111331333331311313331331131313311331331331131
00028 6691702311111111131331111133111131311333111111313111131113331
00028 670170133111311333331311113311133133331311333331133331
00028 6701702313111331313111331133131333311313111131333313333113111
00028 671170133111311331331311133331113131113331133331331331
00028 6711702333131331133133331133111333113333111111313313133333331
00028 672170133111311311113111133331313131311331113331331111
00028 6721702313131331133333311133111333113333111111333111131333331
00028 673170133311331333331311313331313131311311333331333131
00028 6731702311131311133133331333131333111133111313313113131313331
00028 674170113113311333331311333311113131311131333331331111
00028 6741702111131313133311331331111331113331111311133113333333131
00028 675170133111131133331133113131313111331311331313133111
00028 6751702331111311133133333313131131311333111113333131133113331
00028 676170133311311333331111113111311131111311113333131331
00028 6761702311133313133113131131311333111333111111331333133313311
00028 677170133311311333333311111331311131313311111331131131
00028 6771702111131313133133313331131133113113111131311111111313311
00028 678170133311331333331111113331311131313311111331131131
00028 6781702311331111113331331133111311113133111313313111131313331
00028 679170133111333333331131333131313131311331313313331131
00028 6791702313111331333111331333111331331333111131313111133333131
00028 680170133113311333331311311331111131311331133331331111
00028 6801702113131331113133111331131133113111111111313113131313331
00028 681170133111331333131331333111333133133331113333333131
00028 6811702133131331133133313331111311113333111131133133131333331
00028 682170131333331133331331333111313133313331113331331111
00028 6821702333133313133113331133131111133333131331313331133333331
00028 683170131311311333331111113111313133311331131333133311
00028 6831702131113111113131131131113133311331111113113111133313331
00028 684170133311311333331331333331331131311331133311333131
00028 6841702313133313133333111131111131113313111311133111133311331
00028 685170133311331333331131333331333131333311331333333131
00028 6851702311333311113331331333131333313133131313333331133333331
00028 686170113111331313311131133131311131111111131131333331
00028 6861702331113313113111131133333311331331111313313131133113331
00028 687170113311333333313111333311333131313111313333131133
00028 6871702331113113313313333333331331333333113333133331333313131
00028 688170133311311331133331333111113131113331113331333111
00028 6881702133331313133133311331111131113113111111313133113313311
00028 689170133311331133333331113131313131113331111331133111
00028 6891702333313313133331313333131331313331131111313131133113311
