HONGKONG 101 ITEMS
00012 4532501331131113333333131313113311131131331333111113133333331111111
00012 4532502311111111133113113133313331331 X
00012 4542101331131133333311133113113111131131133311313111331311333311113
00012 4542102311111113331111113113313331133 X
00012 4552301333333333133313311313133111311331331333333131333313133111313
00012 4552302331313331133313111133313331333 X
00012 4562001333113133133333131331133311111111133311131111333331331311311
00012 4562002331111313331313133133113331333 X
00012 4572901333111333133311131313133311111311311333133111333333331311313
00012 4572902331113313333113333333313313331 X
00012 4582401333133133333311131131111311111331313331331131133311331331313
00012 4582402111111111331313313313313131333 X
00012 4592601333333113333111131113111311311113313311131133313311311113113
00012 4592602313113113333313313331313131131 X
00012 4602401333113313131333131311133313111311313331331131133333331113313
00012 4602402313111313331313133313313311333 X
00012 4622901133111113333311131131111111133311331331333111111111331313311
00012 4622902311111331333113313133133311333 X
00012 463  01313113131133311111313131111131331311333113111333113131311111
00012 463  02311111111133111131133113331331 X
00012 4642101333313333133313333313133311311311131333133111313111311113311
00012 4642102131111111133113331133313311311 X
00012 4652001331333131333331333311113313311131313333313111111113331311311
00012 4652002311113133331331111113113331313 X
00012 4662001133113333133113333333133111333311331333133311333313331313333
00012 4662002333113333133313331133313313311 X
00012 4672001131113133313311131111113113131331111311313131111131331311331
00012 4672002311113311131311113133113311333 X
00012 4702301333333133333131331111113313333331331333331133133313331313313
00012 4702302333333313333333111313113331133 X
00012 4712401313133333133131131311111313113331311333331111333333331313311
00012 4712402331113113331113331313113311133 X
00012 472  01333133113311131131131111311111131133111111313113313331111113
00012 472  02311111113311111111113311131331 X
00012 4732501333133313133311131133111111133111131331113113331311131313111
00012 4732502311111111331311113113311111333 X
00012 4742301333111313133311113333111311131311311331133111331313331311311
00012 4742302311111113333131111113113311313 X
00012 4752101133113313133313113333131111113111331331113131333313131313313
00012 4752102331133133333313133113113111333 X
00012 476  01331113113331331133131111311111131111111111313131313331311113
00012 476  02311311111331311313113113111131 X
00012 4772001333113113133311311313113111331311331113131111331111331111111
00012 4772002311111113333131113113113311113 X
00012 4781701113113133133333113313133113131111311333113111133313131311113
00012 4781702331311113333131313133311111133 X
00012 4792101333113133133111333313113111331311333333133111133313331313111
00012 4792102311111113333313113113113311333 X
00012 4802001331113133133133131313133111111311331311133111311333331313313
00012 4802002311111311333111133113113311133 X
00012 4822101333133111331333131311111311113131333311331113313133331133113
00012 4822102311111313331311113113113311133 X
00012 4832701331133113333331133131111311131131133311313113111313331331311
00012 4832702311313113333311113113313331133 X
00012 4842201113133311333331131313133313311311311133311113333333331111331
00012 4842202311311331133113331313113311333 X
00012 4871901331133333333113331111113313111131313333311113133313331113313
00012 4871902311311331133313131113113331333 X
00012 4884401331133133331331133111111311113131133311331131133313331131113
00012 4884402313111311331311113131311131313 X
00012 4892401333113133331333331313133311111331113333131133333313333113131
00012 4892402311111333331313113113113331313 X
00012 4902601333333331133133311311133111331331311333111131113333333111331
00012 4902602331111333131333111313123312311 X
00012 4912301131113111333331131111112311111131111311311131133313331111111
00012 4912302311311311331131311113313331333 X
00012 4922601333113133133331133311113311111131331131313113131331331113131
00012 4922602111111331331111113111113111313 X
00012 4932001313133133333333331311133311311331133333331131133313331111111
00012 4932002311311331333111111113113331131 X
00012 4942201333333131333111131113113313111131111313113133131333331111111
00012 4942202311111311333131111311113331133 X
00012 4952001133111131133333131113133311133311311131131111333313313311311
00012 4952002331113331131333133113113331333 X
00012 4971801331313313333331311111113111331131131333113131131313331333333
00012 4971802311313133133111113333313331331 X
00012 4991601133311113331111311113111111131111133313113131333113131331313
00012 4991602113311311131111113313113313331 X
00012 5012201331133313333331133113113113131131113331311131133313331333113
00012 5012202311111113131311113113113331333 X
00012 5022001331333133333333333311133111111131313333131131133313331313133
00012 5022002313133111331311113313113331333 X
00012 5032101333113333333131311313133313131131333133131131133313133313113
00012 5032102311113333333311131131313131333 X
00012 5042201333133113333331131113133311111131113313111131111313331131133
00012 5042202313313111331331311113311133311 X
00012 5062001311133111333311131331111311131131133313311133113313331113333
00012 5062002311111311331111133131313131331 X
00012 5072901331113113333333133333133311133131113333133113331311333331113
00012 5072902311113311113311333133113131313 X
00012 5082301333313131111131333313113311311111111111113111313311311311131
00012 5082302313111133111311113133113311311 X
00012 5091901333111133111331131311133111313111131313311133133311333111133
00012 5091902313111133331311313111113313333 X
00012 5114301333331333333131133311133311333331313333333131131311333313331
00012 5114302313313133133113113133313333331 X
00012 5121801333133133333331131311131311111131133313331111111111331311313
00012 5121802311111111133311113113313311333 X
00012 5132301331113133133111131333133111131311331333133131133313331111313
00012 5132302333113113333111333131313311333 X
00012 5142101113111313333131331311133111111311111313131131113333333313331
00012 5142102333113131131111331113113331331 X
00012 5152401331113113313331311313111311131131331311133131113311133313111
00012 5152402311113311333311331133113311331 X
00012 5162701131113113133311113331131111111131331333133111131333333313113
00012 5162702311111311113311113333113111333 X
00012 5182401133133333333311131311131113111331311333331131333331133333313
00012 5182402331331133333331133331133331333 X
00012 5192101333113333133131111313333311333331333333133133133333133311333
00012 5192102333113333333311133333333331333 X
00012 5202201331113113133111133111113313131131113331111111111111331313113
00012 5202202311311131333311321331313311331 X
00012 5212001333133333333311131311113311113331113333131131313311131313311
00012 5212002313111333333311133311113133333 X
00012 5232001333333133333113131311113313111331331333331131313111331313111
00012 5232002311113131333311333133313311333 X
00012 5242001313311311131331111331133311131131111313113131131111333313313
00012 5242002331111311131311333113313311333 X
00012 5252401333113133113311131331113113331131131311331133113333331333333
00012 5252402133111131333111133113113111331 X
00012 5263201133113113113311111313111111131331333331133111111331133113113
00012 5263202311113311331311133111133111331 X
00012 527  01131113333133311133133111111131131111333111113111331331313311
00012 527  02331111131313311113111113131133 X
00012 5284001131113113133331133111111311311111331333113131113311333113311
00012 5284002311131313333311111133113313133 X
00012 5292001333111331333331133331133313331131111333113131313333333311333
00012 5292002313113333131111133133313311331 X
00012 5302301131111133333311111313113113333111113133113131113313331113133
00012 5302302313111313331111111313313311333 X
00012 5312401133313133113113111311133111133111111331113333113331133311311
00012 5312402133111111333311133331113313311 X
00012 5323901113133313133313133311133111133311331333131111113131133113311
00012 5323902331133331133313333131113313331 X
00012 5341601333333313333333131333111111111331333331331133331333131113311
00012 5341602311113333133113113333113333333 X
00012 5351601133333113333333313111111311313132133311331113333313331311111
00012 5351602331113111311311113113333333333 X
00012 5361701333313313133113311311133311111131331311133131333133131113113
00012 5361702311113333133111113133313311333 X
00012 5411601313313311333131131111133313111331313313133331333331333313333
00012 5411602313331331333313233333333313131 X
00012 5451601333313333333333111313111331131133333313113133333131331113113
00012 5451602131113331333311333111131131331 X
00012 5471601333333111331133133133113333311331333133331333333313313131333
00012 5471602313311311131111113313313333333 X
00012 5501601333113313333333111313113331311333331131133331311133131113333
00012 5501602311311333133311113331333331333 X
00012 5551901133133313131313131113113111133111133313313113333333111313311
00012 5551902311131333133313113133133313333 X
00012 5601801133331313333331133133111111131131133113311131313313311113313
00012 5601802311111133331311113111313131333 X
00012 5621601313131311133133311311113313113333111133131131333333331111333
00012 5621602313311331131131113333313333311 X
00012 5641701333313331133311331313113111131311331333313113313331131113311
00012 5641702331133331133311133333113313333 X
00012 5661601333333313333333131333113311133331331331331131331131313331313
00012 5661602311111333331333133133333331133 X
00012 5711601333333311333333131331111331111131113333311113113313331113133
00012 5711602311133131133111313333113331131 X
00012 5751601313313131333333331113113311111131333313133333313113311113113
00012 5751602331113333133111313133311311313 X
00012 5791601333333333333333133311313313133331311333131133333313333133131
00012 5791602333333133333313133133311333333 X
00012 5801701333333331333133131333133313311131331333111111333331131113313
00012 5801702331113333133111333113313313333 X
00012 5851801313111113131311131311113131111111111333133131331313331111113
00012 5851802313111113133113133331313313333 X
00012 5861801113333311131111311313111311111311131113111131113333131113333
00012 5861802331113133133111333331113311333 X
00012 5891801313333313333133131333131333331331133313333113113311333333313
00012 5891802313113313131113133331313333331 X
00012 5901701313311313313333111333131133113113111133113333313313131311333
00012 5901702331331331111333333133313333333 X
00012 5921601333313313333331131133131331311131313321311133331333331333311
00012 5921602333113331333311333331313313333 X
00012 5931801113333313333333311331113311111333311333331131133313331313333
00012 5931802313133131133313133133113333333 X
00012 5941601133131313333333113331113311131131333333113131133131133113333
00012 5941602313311131333311133133313111331 X
00012 5951801133111313133133133331133111131331133331331133111333333113311
00012 5951802313113113133313113133313111333 X
00012 5961701111311111133313131311113311311111331113111113133313311311111
00012 5961702113113311331113133113311311331 X
00012 5971601313311333111133333133113111111333133133113131313313331113331
00012 5971602313113111133311113311313311131 X
00012 5981801333313113333131333331111311111133133311311113311311333311133
00012 5981802311313133133313313113313311331 X
00012 5992001333311113333333333111133311131131133331113331131331333333113
00012 5992002313111131131111113111313311331 X
00012 6031601333311133331313331333111113111131333331131131331311311313131
00012 6031602313113311313111113311311331333 X
00012 6081601113313133133113133133333111311111113331113333113313133133313
00012 6081602333111113333133333131113313333 X
00012 6091601133333313313133133331311111111131333333131131331313331333313
00012 6091602313113111131313113333313331333 X
00012 6181801113313313333313111111113111311111313131131311133331333313311
00012 6181802331131311133111133111313313333 X
00012 6321601313133111333333131133113311133133131111311111113113311313333
00012 6321602313111333313311111333313133311 X
00012 6341601331331113333333131111113311113131133333311131313313311113111
00012 6341602313111311331311111113313333311 X
00012 6371701313333111333313131113113113113331111333131131333313133111113
00012 6371702313113331133311131133313313331 X
00012 6381801133313133333333111331133111111311313331133131331311133113113
00012 6381802331313131133313113133313313331 X
00012 6391601313331113333333131131113311313131133313111331313313311113111
00012 6391602313111311331311311333313333331 X
00012 6451601113333113133311131113113311113131131313111131333113131313111
00012 6451602313111331133111313133313313331 X
00012 6501601313333333133113131311131311333111311331113133333313131313113
00012 6501602311333311133111333333311313331 X
00012 6751701311333113111313133131111111113131133311111111333113333311113
00012 6751702313313111333331113111311111333 X
00012 6771701313313311133113131311111311311131111333113131113133133113313
00012 6771702313113133133313313133313311331 X
00012 6821601333331333333313333331133313111331331333333131133313333133333
00012 6821602333311113333333313311333333333 X
00012 6851701333313113313331131113131333311131111333313311331331311113133
00012 6851702313311133313313331331333331333 X
00012 6861701313333111331133113311113311113111113133111131333333111111311
00012 6861702313111313133311313133313331333 X
00012 6871701333333311133133331331133311113331311333331131133131333313333
00012 6871702333133131333313133333313333333 X
00012 6891801331331113131333131311111331111131111333331131333313331111331
00012 6891802333313333133331133331313333333 X
00012 6901701311333313113333133311133333133311311133331113313313331111333
00012 6901702333133131133331333333333331331 X
00012 6931801133113331133333131311113113311111311333113111313313131313131
00012 6931802133113133133311333133313311313 X
00012 6981801311311313331333111113133131131133111313111131311333131111313
00012 6981802313113333113331113333333333331 X
00012 6991701313333313333133331311111311111131333133331131313313331111313
00012 6991702331311331131313313331313331333 X
00012 7001801333313113133113331333113313331111331331111131133313133311313
00012 7001802333113111131131333133113311333 X
00012 7012501331333131131331133113313311131131113333111131113313331111111
00012 7012502313111111331311113113111331131 X
00012 7032201331113333331331131131113313111131133311311133311313111331113
00012 7032202311313311331331113113311131333 X
00012 7072301331113333333311111333113111111131113131113111133133333111331
00012 7072302313111311331311133113113331331 X
00012 7082901131113133133311131111313111111311113311313131331313311111113
00012 7082902311131331131311113313133111133 X
00012 7122001313333333333331331113113313331131113313311133133313331113333
00012 7122002113313111331311111133313131133 X
00012 7132001131313333133311111111113311133311311131133131133113133133111
00012 7132002313113111113311113133111321311 X
00012 7142201313133133133133333113133111113311131311331131313311333113111
00012 7142202331111131331111111113313311333 X
00012 7152401333113113133311131311131311113131111331113111313111333113113
00012 7152402311111311333111111131313311133 X
00012 7162101133133311133331131311113111111131311111111111113313333113133
00012 7162102311111113133311113113113331133 X
00012 7171901311133333333331111111113111111331113133111131313333331113311
00012 7171902333111111131311113113313331333 X
00012 7182401331333333333111131133113111111131133331111131133313331133133
00012 7182402313313311333311113111313331333 X
00012 7193001333133133133313133133133111131111113313311133113313331313111
00012 7193002311111133331111111113113331333 X
00012 7203601331133111113311133111111111131111133111113111131111111113111
00012 7203602311111313131311113113111311133 X
00012 7212501333333131333311131333111313311131133313311113313111331131131
00012 7212502311311333331331113113111331333 X
00012 7222701333313333313313333311131131333311311331133313333313131131313
00012 7222702131111133333313133111113311113 X
00012 7243001333113133133333311331113111331111113311111133333313331331113
00012 7243002311111313333331313113333311133 X
00012 7272201333333311133313111311113333311331111333331133113313333111111
00012 7272202113111331131313131111113331333 X
00012 7282101333333331133131131311133313311331113333331131333313331331311
00012 7282102313113131333313331133113311333 X
00012 7292001333133113131311133313133111111333133331133131333313333131113
00012 7292002311113111333111333133313331133 X
00012 7342201313113313133113113313133311331311311133131133333113331111311
00012 7342202333113131133313331133113313333 X
00012 7352001331113131333331311113113111311131113333113113313313333111331
00012 7352002313311111331111113113113311333 X
00012 7362401133313331133313113113133111131331311333133131133333131313311
00012 7362402333113111133313131133113311333 X
00012 7371901133133333133313331313113113331311311333133131133313133113331
00012 7371902333113331133313131133113313313 X
00012 7422301333133333331331131111113311111131113313313113311313333331111
00012 7422302311111111331311113113313131333 X
00012 7432401331133311333331311111113111311131113133311113333313333111331
00012 7432402133111131333311313133313331313 X
00012 7462401133113331133131111333133111331331311131133111333313133311311
00012 7462402331113111333311333113113311333 X
00012 7472301333133313333333133311113313111331111133331111331313331133311
00012 7472302311111313331311313113313311331 X
00012 7482701333333313133333331311131311311331331331331131333313331111131
00012 7482702313113331333311111131113131333 X
00012 7492501333313333133313333313133111131311311313133111333133333111311
00012 7492502333311131133111333113113311333 X
00012 7522701331113311133331133313113111331131133331311111333331331111311
00012 7522702331111131133111331113113311333 X
00012 7532501333333313333331131111113313111333113331333131133313331313113
00012 7532502311311333333311113113311311333 X
00012 7543101333133313333333113113113111131311113311133131333313333111131
00012 7543102311111111133311113133113113333 X
00012 7552501131313311131133331313333111131111113313113311333333113111331
00012 7552502331113311133311331133111311333 X
00012 7571901133313333113113331111113311311331111333131133333313131111331
00012 7571902313133331333311131333113311331 X
00012 7592501333113113333331111111133311111111311333333111113313331313311
00012 7592502333111333311111133333113313133 X
00012 7604201111133113333331133311113111131131113333131113113333333313111
00012 7604202313113113313111113133313331333 X
00012 7613901133113311131331313311113111131111111311313131113311331113311
00012 7613902313111131333311313133113111113 X
00012 7632301333113131333311311111113111111331113333333133113313333311333
00012 7632302333111313331311131133313333311 X
00012 7643001133333313131313111113131311131131333331113333131311331113311
00012 7643002331113131313311133133113311333 X
00012 7662801331113133133333113313133113131131333333133111133331333113331
00012 7662802333113333313311133333111313333 X
00012 7692901311133113331331133333111311111131131311311113311311311333111
00012 7692902113111113331311113133311131133 X
00012 7712601311113311133313111313133113133311333331133111313111333111311
00012 7712602131113133313313333133313313333 X
00012 7732301333313313133311313311111313331331311331333111131333331313111
00012 7732302111113131113311311313111331133 X
00012 3042102313313313333311133133113311331 X
00012 3062001333133113333331131111131311113131113333111131331313333113111
00012 3062002313113131333311331113113331333 X
00012 3101601331131313333331133111113311331131111333111131111111331113111
00012 3101602311113111333111133113313331313 X
00012 3112301331333333333311111111113111311111133331311131113313331331133
00012 3112302313113313333331333313311331131 X
00012 3121901333333311331113131113133313111331133333333131113113331131113
00012 3121902313113311131311313113313111333 X
00012 3132401311133133333111131111113311111131113311111131111313331113111
00012 3132402311111113131311113113313331333 X
00012 3151901131113131333311333113133113313111311311113131111311131111311
00012 3151902311111131313111113113113111333 X
00012 3162501333133131333331131311111311311331113313333131331333331111133
00012 3162502313313113331311313113313331333 X
00012 3172201331113111331111311313113111131131111313111131331313131113131
00012 3172202311111331131311333113113311333 X
00012 3183201331133133333311133311111111111111133331311133133313333113131
00012 3183202311111131333111113113111331333 X
00012 3192601131113133133111133313111311131111133111113131113133331111313
00012 3192602311111111133311111333113111133 X
00012 3212401331113333333331131111113311111111131331113131313111331313111
00012 3212402313111313333111313113313331313 X
00012 3231901313313333133313331313133313133311311333333131133313333111333
00012 3231902333333333133313331133313313313 X
00012 3242501133113113133313131313111311111331311311331111331313131113111
00012 3242502331113111333111311113113311331 X
00012 3252501131113113133311111333131111131311331331133111133133131313311
00012 3252502331113113133113133133111111331 X
00012 3261901333133133333331131111111311311131133333311133313331333131133
00012 3261902311311113331311113313313331333 X
00012 3291701313111311333111331313133311113131113331111133113133331111133
00012 3291702313331133133111313133313331313 X
00012 3322901333113333133331333313133311111331333333133131133333333333333
00012 3322902313111133331111111113113311333 X
00012 3332801333333333131131133311333111313131111313311133313313331113331
00012 3332802313113133331311111133113331333 X
00012 3342201333113333331333333111133311113111113333111131313313331113313
00012 3342202331133133333311333313313331333 X
00012 3351801131313133133311331111113111111131113313311131111133311113111
00012 3351802311111131331111113113313311331 X
00012 3362001333333131333131331111111311111133333333311111113313331111313
00012 3362002113313313133133111133113331333 X
00012 3382601333313113133311113333113111311131113331111131333313331313313
00012 3382602313113113333311113133313333333 X
00012 3402501131113133133311131313113311111311333331113131333313331133113
00012 3402502313113313133311333131113331333 X
00012 3422601331113113331311133111113111111131133331311133111313331313111
00012 3422602311111133331311133113313331333 X
00012 3453301113113311331113131333131311111331331331133131113313331131113
00012 3453302331111333113113133133313311333 X
00012 3462201331133133331332132113113111111131133311111131131333333113311
00012 3462202333113113113311333113113331133 X
00012 3472901133113333131312231113133311113311111113113131313333331113131
00012 3472902133133333333331333133113313313 X
00012 3572501313333333333133333311133131331331313333331131133313133113331
00012 3572502133133131133313131113113331333 X
00012 3581901331333133331331331111113311311331113333111133313333333111131
00012 3581902313111333333311113133313331333 X
00012 3612501333311333313331331311133311111331111313311131133313331111333
00012 3612502313313313333333333133313131331 X
00012 3622701133113333133311111333133113131331311333133131333333133113311
00012 3622702331111133113111333113113313333 X
00012 3632501133133113113131133311131111111311133333113131333313333113313
00012 3632502311111111331111113133313313333 X
00012 3642401331113133113311131113111111111111111333313131133313333113311
00012 3642402311111313131111131113113311331 X
00012 3652501331113133113333131133131311111311111313313131133313331113111
00012 3652502311111113131311133313113311331 X
00012 3692401333313333133113311311133131113311311333331331133313133113331
00012 3692402313111113133311331113313311311 X
00012 3702101333113131331333131313133311111133113311311131113313311313131
00012 3702102313131311131331333333113111311 X
00012 3712201331133133333311131111113311111131133313111131133313333313111
00012 3712202313313313333111113133313131131 X
00012 3722401131113313333311131313133311131331311333133131133113333113113
00012 3722402311131133133113113133113313333 X
00012 3732301333113111133311111313133113111331311113131131333313333113333
00012 3732302311111331133113311133113333131 X
00012 3762101333133133333331331331133311131331113311311111313313333113313
00012 3762102331113313131313133113113331331 X
00012 3772001331133111333313311111113311313131113331311131333311331311333
00012 3772002313311311333311111133313331333 X
00012 3792501133113113133331133111113311111111133311313111133313133111111
00012 3792502311111133333111133113113311333 X
00012 3842001331133113133331131133113111131331131313113113111313133313131
00012 3842002331111113133311133113113311333 X
00012 3874101333113131333331131331113311111131111313311131113313331111333
00012 3874102311311313131131131313313131133 X
00012 3882301331113133333331131311133111111131113133311131313313333331333
00012 3882302313113113331311331113113333333 X
00012 3892401133133333313333111313133311133331331331113133333311333111311
00012 3892402333113331333331333133113333333 X
00012 3902201331133313331311113313133311111331313333111131113313133113311
00012 3902202331111333333311133133113313131 X
00012 3912201333133133113331113131113311131311131331113111133313133113311
00012 3912202331113133333311333133113333333 X
00012 3922401333133133333333131111133311111331313331331113133313333113111
00012 3922402113311133333311113133313331313 X
00012 3932201313133333333313133311113111113331313333311131113313333113133
00012 3932202311113113333311113313113331333 X
00012 395  01333113133131331111311113311131131113313111131313313333113131
00012 395  02313111113131311111113133313133 X
00012 3962101133113133133331131313113311113111113311113131313333331113111
00012 3962102113113113133311333133113313331 X
00012 3982201333113311333133111313133313111331133311111111313313333111333
00012 3982202333111333133311133113113331333 X
00012 3992301333131131331131111111113111333311111313311133133313131111133
00012 3992302311111133331311111133113311333 X
00012 4002301333113313133333111313133111131311331333133113113313131113311
00012 4002302313111313333311133113113311333 X
00012 4022501313131131331331331311113111111331133313313131113313113133313
00012 4022502331113131131311113113113331133 X
00012 4032001333133333133331131311133311111131111333111111333313333331311
00012 4032002311113111131313113111113313313 X
00012 4042401333133133133331133131111111111131133331113111311311331311111
00012 4042402311111111113311113113313311331 X
00012 4052101313133333113131133331131311111111113333311133113313331333113
00012 4052102311111111313111133111313311131 X
00012 4062401333113333331313131313133311111111311313113111313113331111313
00012 4062402333111331133113133133113131313 X
00012 4072801133133113333331133131111333111111133311113313111311331313313
00012 4072802311111131331311113113113111313 X
00012 4082401313113131133313331311133311111111113331111111313313331111133
00012 4082402331111113131111333113313331113 X
00012 4092201331133131133111133311133111131111331111313131313313131313311
00012 4092202311111131131111111133113313333 X
00012 4102201331133333133313131311113111331331113113331133113313331311111
00012 4102202311111331331311113113113313333 X
00012 4112101333113111333313131311113111131131131313311111113313331111111
00012 4112102331111331331311113113113331333 X
00012 4122501133133113133113113313111111111131133331113131313313131311113
00012 4122502311111131333131133133113311333 X
00012 4131901131133113133311133131111311111131333333131113311311331313313
00012 4131902311111111133111113131111131331 X
00012 4152201333133113333311131111113311111131133313313133313311331111113
00012 4152202311111111333311133113113331333 X
00012 4162201333113133133311131113113311131131113313313111113313331113113
00012 4162202311111331331311113113113311333 X
00012 4181801333133313133111111113133311111311313313133111333113133113311
00012 4181802311111131133311111133313311313 X
00012 4193501133113113133311333313133313131311331331113111133311333313311
00012 4193502311111133333311113113113311333 X
00012 4202501313113131313313331313133311131311311113333131333313333111311
00012 4202502333311111113313311113113311313 X
00012 4212101133113333333333331333133313131311311331333111333313331113113
00012 4212102131111331333311333133313333331 X
00012 4222401313131113333331131331133113131131113313311131133313331311313
00012 4222402311131131331311131113313331133 X
00012 4242401313111331133311113313133113111311111331113111113313333111311
00012 4242402131111131333113133113113311313 X
00012 4252301113113331133311333311133111111313331331133131133113131313313
00012 4252302333111131133311333133113311313 X
00012 4271901313133113333313131313113111111131331311331131313313331133131
00012 4271902313131133133311113113113331311 X
00012 4282001333113113133313131313111111111131111311313131313313331331111
00012 4282002313111113333111113133111333313 X
00012 4292001331113133333331331313133311111331313133113131333313331113331
00012 4292002311113333133111331133113331333 X
00012 4302001333133113331333333111113111111331131311331131313313331133331
00012 4302002313111333333311113113113331311 X
00012 4312101313133131333131133111133111131331113133311133131313331113331
00012 4312102313111333333311113113113331131 X
00012 4322201333131133133313331111113111311131111133313111133313331113331
00012 4322202133111333333311113113313331133 X
00012 4332201333113331333313311313133311111131311133113111313311331113331
00012 4332202333111313331311331133313331311 X
00012 4352201313133313131333113131111111131333111333111131313331131113111
00012 4352202311111113333311113111113131333 X
00012 4382901333113111131311111113133111131113111333313111131313131111111
00012 4382902311131111131311133113313311133 X
00012 4392501331133311333313111313111311131331113333131111113311133131113
00012 4392502311111331133313113133113331313 X
00012 4402001133113113133331131111113111111111111333331111133313133311113
00012 4402002311111111133313313113113311333 X
00012 4411801333113111333331331113113111131111331133333111333313333311113
00012 4411802311111111133313311133113311333 X
00012 4421901333133333333331131331133313111331333333311113131313331113113
00012 4421902313311311333313113131113333333 X
00012 4454301331133133333311133313113111133311131313333111113311333113113
00012 4454302311131311331313113133313111333 X
00012 4462201333313133333333331331113313311131113331333133331313311111331
00012 4462202311113313331131113113313111333 X
00012 4472301333313113331111131313111313111111113331131331113331333313113
00012 4472302313311333333313313111113131333 X
00012 4482801333331331331131333311133313311131111333311133111313333313333
00012 4482802313113333331311113133113331333 X
00012 4492501331111113131311113113133111131111331333113111113333333311113
00012 4492502313111111331331113133313311133 X
00012 4502401133113333113311333113133313131331313113133131333333331111111
00012 4502402313111131331313113113113111111 X
00012 4511901333133111333331311311111311111331333333131131133311331113313
00012 4511902111111131133133133133313131331 X
00012  492202311111133311111113111113131333 X
00012  502301333133333333113131311133311313131131331311133313313333111333
00012  502302333113133331311111133333331333 X
00012  512901131113113333331131111113311131131113311311133313311331111133
00012  512902311111111331331113113111331133 X
00012  522301131111113331331131331111111111311133311331133113311333333113
00012  522302313111311331111113131111131331 X
00012  532101333133133333313131111133111313311133111311333133113333313133
00012  532102313311113331111113313313131333 X
00012  542101333113333333331133311131311111311331313113111313311333111313
00012  542102311111111133111111333133331331 X
00012  552301313131111331331111111111311133131131313113311311311331131113
00012  552302311111111131111113313113131133 X
00012  572001333133313131313113331111111113331133331311111111331313331333
00012  572002331113313331311111331113313333 X
00012  582101133111111133311111333133111331311331131133131133131131133311
00012  582102131113331133313311133113311331 X
00012  592101333113133333331111133113311111131113313113111111331331111133
00012  592102331111311131311113133113311131 X
00012  602701333333133133311113313133111113331331333131131113311133113333
00012  602702313313331333313133133113331333 X
00012  614401331113131331311311313113111131131113313113111113313331313131
00012  614402111111313131311111333311331333 X
00012  652401333113113331333133333131311313331333311113131111331113311311
00012  652402331133311133131333133313331331 X
00012  663301111311113333311131331111111131131113113111133111313331113333
00012  663302311111311131331113113113313133 X
00012  672201331111133333331131111133313333131113313311133133311331313133
00012  672202313131111331111133113111331331 X
00012  682201331133331311133313311313333313333313131331333333133113331131
00012  682202133333333311133331331331333111 X
00012  692101133313333133311331313133311111131331333113131133313333111311
00012  692102333313131131133133113113311333 X
00012  702301313133313333133331311133313113333313333331133133333333313333
00012  702302313313133333313333333113331333 X
00012  741701333111133333311131313113313111131111313313133111313331111333
00012  741702313111111133311113133113311333 X
00012  762701131113113133311111133111111131331131313131131111113331113113
00012  762702331113113333311113113113311333 X
00012  772501331113133333313111313113311113331331313113131313311131131111
00012  772502313333111133333113133333331331 X
00012  782501333333333133311331313133313113133113333311333333313333111333
00012  782502133113331331311313113333333333 X
00012  792501331111113133331131331111313111313133311131131313133313313313
00012  792502311231131333131113333113333311 X
00012  802601131111133133311131333111111131131113131113131133313131113131
00012  802602313111311131111113133133231331 X
00012  832701131111113133311131331111311111331111311131131111311333133113
00012  832702311111331133313113131113311333 X
00012  842601333133331133311131311133311113131331333313133133313333313331
00012  842602333133313133331131133113311333 X
00012  862501331111113333331133333131311311331313331131111111311313333113
00012  862502311311131331313313133113331331 X
00012  912101131113113333331131131111111111111131311311133131113331113333
00012  912102311111111133111113131111331133 X
00012  921901331111113333333331311131111131331113333133131133313333113333
00012  921902313311331131311333133113331333 X
00012  942501331333131331331131311113311311131113333311133333313331113113
00012  942502313311111331331111333313331333 X
00012  951901131131313311311113331111311111131111331111133133133133111313
00012  951902331113131133111131133113331111 X
00012  971901333313133133333331313133313331333311333133131133313133113311
00012  971902333111133333113331133313331333 X
00012  982001113113313113331133313113313111311331313311111111313131111311
00012  982002331131133133313333133111311331 X
00012  992801131113313133111113333131113131311331333113131111311121111131
00012  992802331131113133311133133113311331 X
00012 1001801333133331333331131311111311111111133311311133311111331331111
00012 1001802111311313331331113133313331313 X
00012 1022701331313333133331113313113113131111131331111133113111133111333
00012 1022702313331131133331311333113311313 X
00012 1032501311111333133311131113133311111131331333113111131113131111113
00012 1032502313111131131111111313313311111 X
00012 1042001333113333133313111313133311133111333333113131131311131313313
00012 1042002313113311113311113133113311333 X
00012 1052101111131111333131133331111311111131133331111111133333331113113
00012 1052102311111113133111111331311331133 X
00012 1062501131113111131311111113111111131131133313113111131113133111313
00012 1062502311131131131111111113111311331 X
00012 1103501331113111331313111133113313111111111311113131111111131313133
00012 1103502331111113133111133113313311311 X
00012 1113601131113113131331131331111311111131111311113113111313131313113
00012 1113602311111111331111113113311131131 X
00012 1132601313111313133313131313131313111331331333113111111313331311113
00012 1132602331113133133111131133313311333 X
00012 1142401313331111311313131113111131111133111331331113311111113113113
00012 1142402311111113111311113111313111311 X
00012 1152101133111313133311133333133113331111331333113111111131331111331
00012 1152102331113133133311131133313311311 X
00012 1162401331111333133311133333133311111331331333133111133311331111313
00012 1162402331113311133311133113113311333 X
00012 1172201333133113313311133313131311111311131331131111131331131311313
00012 1172202331113331113311133113313131131 X
00012 118  01111111113131311113331131111131311131331133111111111331313333
00012 118  02331111111131313133333113311133 X
00012 1212201311333313331311131313113311131131133313311331111311331313113
00012 1212202311111313131331133333313131331 X
00012 1223201131113113333311133131111111111111133313133111111133131333111
00012 1223202311111311131111113113111311133 X
00012 1242701331333133331131333111113311111131131333311113333313331111113
00012 1242702313311111311131113113311331131 X
00012 1252101113331133331331131113113311111311331333133133313333331313333
00012 1252102311111113111311333323313331331 X
00012 1272201311133113311131133131111311111131113331311131133313331333113
00012 1272202311111111331311111111311331331 X
00012 1282101133133333313331133311131313313331311333131133113313333313311
00012 1282102333111133333311133133113111331 X
00012 1291901333131113333313331311113311333333313133111133313313333331133
00012 1291902313311331333311111113113331331 X
00012 1312001333113313133311131311111311111331133333311111331313331111113
00012 1312002313113111133331113113311133331 X
00012 1332001331113133333311131111113311111131113311311131333313333311133
00012 1332002313313313131131313333313331313 X
00012 1342501333133131333113111111131113311131333333333113133313331111113
00012 1342502331313133333331313133313333311 X
00012 1362201133133113333331133211131113311311313133331133133313333111313
00012 1362202311113311133113113113313331333 X
00012 1372801113133313331113133313131311331111113111311131333111331111333
00012 1372802333133333311331131133333331313 X
00012 1382201311113133131111111113113111131111113313133111113311331111113
00012 1382202313113113133311113113313311333 X
00012 1392101333113313333333131313113313333331331333313133111331333313333
00012 1392102313333311133113313133313313333 X
00012 1402801113111311333113111333131111131131133331113331133311331113331
00012 1402802331111333131331331131113311311 X
00012 1422501111133111333113333313131311331311313313313313131333333313311
00012 1422502311111331131111331133113311333 X
00012 1442601333131133333333131111111311111131131313311113133113333111331
00012 1442602311113333133331333313313331331 X
00012 1462301311113113331331133133111311311311113311113331131333311333133
00012 1462302313113111111111113111113311333 X
00012 1522601331113113331331131131113311111131133111311131111311331311113
00012 1522602313311113333333113313333333331 X
00012 1542601313333313333331133133131113113131131333111131133311331311313
00012 1542602311311111333311113111311131333 X
00012 1562701313313131333313133133113311331331133131111113331333331313111
00012 1562702313311111333311111331313331333 X
00012 1582801113311333131111131333133111131331311333333131133313133333333
00012 1582802331313331333313131333313311311 X
00012 1592401131131133131311131111111111131113111311113133131313331111113
00012 1592402311313311333311133133111131331 X
00012 1602301131131113333111131331113113131331331333113131133311133311131
00012 1602302313113111331113111113131331331 X
00012 1612401331111113331311131133111311111111111311313113311131333133113
00012 1612402313311113131311133131331111331 X
00012 1622101333113333333311133311113311111331131333131131133313331113333
00012 1622102313113131333311113113313311333 X
00012 1631901333333113333331311331131313331331111333331131113311131133333
00012 1631902313313311333313131133113331333 X
00012 1642001333311113333311131331113313111131131333311133131313331111113
00012 1642002311311113133131113313111131333 X
00012 1663001331131111331333131131113111113311133311111113113313331133111
00012 1663002311331111331111111133111311333 X
00012 1672301331311113331331131131113311111331133313313113131313133111133
00012 1672302311111131331311113133113131331 X
00012 1683101131113311113313113133131111131311311311113131331111111313313
00012 1683102331131133131111133113133311131 X
00012 1692201313313311133311133133133111331131311311111111113331133313113
00012 1692202331113331313313133131313311313 X
00012 1712501113133313313311131333131113331331333313333131113333331113313
00012 1712502131111131313311333311113331333 X
00012 1742501333113311333131111111111311111113113331111131131111331131133
00012 1742502311113113331111333113313331331 X
00012 1762301333131333331331331311133111311331333333333133133331333311313
00012 1762302331311133113333131333313333333 X
00012 1772001333331133331331131131113311311131133313311133113313331133113
00012 1772002311311111331311113133311131131 X
00012 1782701333313113333111131311111311111133313333311131333313333111333
00012 1782702113331133333311331333113331113 X
00012 1792501331333333333333331311133311311131113333311131333313331313133
00012 1792502311111111333331113113113331111 X
00012 1801901313331331333313333331331313111333311333331131313313333311313
00012 1801902313313331133333111333313331333 X
00012 1842401333133133331333131313113313113331311333331111131313333113333
00012 1842402313133113331111333331313311331 X
00012 1852301333333333333313333313113113333311111333331133333113331131133
00012 1852302313133111333311113133111131113 X
00012 1881901131133133333311133111113311111131113331313131131111333313113
00012 1881902313113113133111311333311331331 X
00012 1893601333333133133333333331333311313331111331331133113313333113313
00012 1893602333311333333111133133333131333 X
00012 1912801111111313333333133311111311113331113333111133111313133111313
00012 1912802311111111331111113313113311331 X
00012 1932201333111133133313131331111131131111331311113111131111311313113
00012 1932202331311131333311313131113313131 X
00012 1942501333313333133133333313133313333311311333133131333333333113333
00012 1942502333133331333313333333113313333 X
00012 2002601333113313133313131333333111111331311333133111131313333311313
00012 2002602131311331113331333331313113333 X
00012 2012301333313133133131313113111313111331111331111111133313333311313
00012 2012302311113313331311133111113113133 X
00012 2021801331131133333131131131111311311131113331311133313311333113113
00012 2021802313313311331311113113313331333 X
00012 2031901333333331333131331331133313311331113333313133313313333311333
00012 2031902133311331331333133133313333333 X
00012 2042301331311113331331131111111111111131113331311113113313331311333
00012 2042302311113311331311131313113311333 X
00012 2072201313111333333311111333131313133311331333133111133333333133313
00012 2072202133113113133313133333313333333 X
00012 2092501331313133331331331131113311111131113333311133313313331311133
00012 2092502313111113331311113313113311111 X
00012 2112501333113313333313131333131113131331311331113111111133133113313
00012 2112502331111311131313133133333311333 X
00012 2136001333113313333313133111131313133331331333131133313313133313113
00012 2136002313111311333311133113113133333 X
00012 2142001333333331333331131311131333111331313131111133331333333111333
00012 2142002333313333313333131113333333133 X
00012 2152001313333331333133331311133313313331311333331133313333333311313
00012 2152002333313333313323131333313333333 X
00012 2162701313113331131333311111133111133131113311113131313333113111311
00012 2162702313131311331313111313113311333 X
00012 2171801311311133133331133313131313133111131131313131113313331131133
00012 2171802313111111333311313313113313333 X
00012 2181801333331133133131131311133313331131133313311131113313331113333
00012 2181802313313331331311133313313311331 X
00012 2192701311113111333331133131111311131131131331111131331133333313313
00012 2192702331313113333311113133113311333 X
00012 2202401333133133333331131331133313113111113333131133133313333111113
00012 2202402313113111331313113133313131333 X
00012 2212201331313133133331131111113111111131111313113111133313331311313
00012 2212202311111111131311113333111311333 X
00012 2222101131111113111331331133111111131131113113313111113111333311111
00012 2222102311111311131331113113113311131 X
00012 2232101331333133131311331111113331131131133333311111313313313313113
00012 2232102311311313333111113313311331331 X
00012 2242301333313333131333113311133313131113111333113111313333131311331
00012 2242302333133131331111333331313331331 X
00012 2252401311333123333111331133113113131131133331311131113313331313133
00012 2252402313111231133311113133113331333 X
00012 2262301313223333313331131133331133133131133331311331331133333333113
00012 2262302311333313313311113333313133333 X
00012 2272501133113313133111111331133113111311331133133111333331133313311
00012 2272502331113331133131131111113331313 X
00012 2282501313313131333111133311111111311113331313111131113313331313133
00012 2282502333113333133111111331113333331 X
00012 2292201133111313133313331311131113111111331331133311133113333133313
00012 2292202131133111133311333333313111333 X
00012 2302101113133313333333131313111313111111111333313133131311133311133
00012 2302102311311113333331111113313331333 X
00012 2312101313133333333311131111113123311131313131311133133313331313113
00012 2312102311311311133111111311113331333 X
00012 2322501131113113133131131133111311131331111311111111131113331313113
00012 2322502311111111113311113113111131133 X
00012 233  01313113113133333333313131113133311331333333111131331333313313
00012 233  02331133311333113113313111111333 X
00012 2342101331113111133311131313111311331131313333313131133313333311333
00012 2342102311311113133311113133113311333 X
00012 2352201133311111331111111311133111311131111311111131333111111111313
00012 2352202311111311331331131313133311331 X
00012 2362401313131313333133333123111111333311333311333131131331331311133
00012 2362402313111131313313113131313131331 X
00012 2371801333113111333331331311111311131331113113133131113311333111333
00012 2371802313313133331311111333313331113 X
00012 2382601131313311331311313333133111111131111113111131313311133133113
00012 2382602313111113333111111133313331311 X
00012 2392001131111133133311111131113113111131133333313131113113331311113
00012 2392002313111311133111113113113333331 X
00012 2402201333113133133311131311111311111111131331111111113313331313133
00012 2402202313111333131111111133113311133 X
00012 2412501131111133133313331313111311111331313331313133133311333113113
00012 2412502311311111333311133331313331333 X
00012 2422301311333111331331131131113311111131133333311131113313331331113
00012 2422302313313131331311113313311331333 X
00012 2432101331133333333131133111111111111111113113111113113313331313131
00012 2432102313111331333311313333313311333 X
00012 2442301333333113333333331311133131111331311313313133313313331111113
00012 2442302313111333333111113313113331333 X
00012 2451901311333331333311333311113313311311113313133133313333331333133
00012 2451902313131133131313311313113311333 X
00012 2462301333133333333113333311113113311313313333311133313313331113333
00012 2462302313113131333311333313313311333 X
00012 2472901331113331133311111133131111111111113313113111111133331113133
00012 2472902331111131333111311113113311333 X
00012 2482101313313333333133333313133313311311113331113131133313131113133
00012 2482102111313311333313113133313331333 X
00012 2501901333331131333311133111113313131331133111111131113131331111133
00012 2501902313311331133331333133313311313 X
00012 2512601333113331333311111111111113131111113113113131113333333111333
00012 2512602133113331133313333113313331333 X
00012 2532201331133131333333133111111313311331113313311133111313333113133
00012 2532202311311111333311113113113131133 X
00012 2542101133111313133311111313111111111311133333113111311113331311111
00012 2542102331113333133313133113113311333 X
00012 2552601133313333133313131311111111111311111333133111311113331111131
00012 2552602311111331133311313113113311331 X
00012 2562401131311331331113131113111111131111331333111111113313333111111
00012 2562402311113131133311113133131133333 X
00012 2573001331113133333313333113111113133113111133133131313333331333313
00012 2573002133131333331311113113133333133 X
00012 2582701331113131133313111113131311131311133333313111133313131313311
00012 2582702311111131131111131113113311333 X
00012 2591701111113133333311111333131111131311311333133111313333131113331
00012 2591702331113131133313331133111331333 X
00012 2622701333313333133131311313133311111131313333111131333313331111333
00012 2622702331113133133111111133113311311 X
00012 2632801333133313331311131113113311131311113333111131311313333313111
00012 2632802311311133313311113113113331333 X
00012 2643701331333133131331133111111111111131111311311113113313311133111
00012 2643702311111111331111113113111331331 X
00012 2691901313133333331131131331133311111131133113311311313333331133113
00012 2691902331111331331311133113313331333 X
00012 2702101333333333333131131311133113311331311333311133113313333131131
00012 2702102313111333333311133313113311333 X
00012 2712201331333133331131333111113111111131113313311111113313111111311
00012 2712202313111133331111113113113331133 X
00012 2732501331313333131311131311133313111111113331113131133113313111311
00012 2732502313111131313131331333313331333 X
00012 2742301133113313133311113331131111331311311331131111311311331111313
00012 2742302311113131133131333133313331333 X
00012 2752301333113113131313111313131311131131131331111131113313333333313
00012 2752302311111111333331133133113311333 X
00012 2781901333113311133111331111131311331311111311111111311313131113311
00012 2781902111113131333313133113313311331 X
00012 2822301313131113331331131131111113111331111111311133111313333333133
00012 2822302311331111331111113113133331131 X
00012 2841901333113133133113331313113311111331331113111111313313333113111
00012 2841902313111131333111111133113311133 X
00012 2862401313133113311111133111131311111111113333311133313313331113111
00012 2862402313113311333111113113313331133 X
00012 2872001333133333133133311313133311331311311333311133133313333133333
00012 2872002333113133331311133113313313333 X
00012 2881901311133133333311331113113311313331333113311131313331311131111
00012 2881902313311333133131333313313333333 X
00012 289  01313113333133333333313133111111311331331111111333313333331311
00012 289  02331113331133111333133313331333 X
00012 2962601133333131131311313113113113131131111333311111113313333111133
00012 2962602313311133333311113113113111333 X
00012 2982801333333311333331131311111313111111133311311113113313333311113
00012 2982802313311313333111313133313331313 X
00012 2992001333133333333331111111131311131311113131133113313313333111333
00012 2992002333111331133311331133313331331 X
00012 3022501333131131333311133111111311311113133313311133333313333133311
00012 3022502333111131333311333313113331333 X
00012 3032301133113113333331131311131111131311331313133111133313331113131
00012 3032302313113311333311333313113333333 X
00012 3042101333113133133313131311131111111311131333333111113313331133111
00012   11901133133333333331131333133313111331331331311111133313331311311
00012   11902313113331333311113131113311311 X
00012   22401131313113333331133333113113131111111333113111111313131333113
00012   22402311111131331311133133111111333 X
00012   32001331333113333333331333113131111311113311131311333313331311133
00012   32002311133113133311131133311331333 X
00012   44701333111313133311311331111113133131313333113133133333331333133
00012   44702311311311311311313133111131333 X
00012   52401313133133331131331111113311331131133331311131131313331311131
00012   52402311111113331311111333113331113 X
00012   62601111133333333331333331113311111331113331311133113331333333113
00012   62602313313113333311111133313331333 X
00012   72401333113133131333111313113111331111131313111131133333133311113
00012   72402333111133131311133133313311331 X
00012   83601331311113331311333133113311311131313313113133113333331313333
00012   83602313111111131111111113313331313 X
00012   93501311311133313331133111113313331131333313133131333133131113113
00012   93502313311113333111113131311331133 X
00012  102001333133111331131131331113311111131113331311133131333331311113
00012  102002313313113333111111333313331333 X
00012  112601311113313333311311113111113131111131333113111131131131111131
00012  112602331111133131111131133111111333 X
00012  122301133313313333111333333113111111311311313113131113113331311311
00012  122302311111313131311133333111311133 X
00012  132401111311333333331311313113133311331331331131331111133131111333
00012  132402313133131333331113311311311333 X
00012  142801133133311333311333313133113111131113333111133133113333331333
00012  142802313111311331311113133113331333 X
00012  152401131311333331311113111113111131131133113111131133313331313113
00012  152402311111331333311113113111311333 X
00012  161901133113333133113111311131133131331331331133131113113133313333
00012  161902333113133133313131131133311313 X
00012  171901133113333313313131333131313111131331331333333311311331333113
00012  171902333111313113311113333313131333 X
00012  182101333113333133311311313133313111311331331113131311133131313311
00012  182102313333111133111131333113313313 X
00012  191901331113133113311111133113111131111113311113131113313131313113
00012  191902313111131133311131311111311331 X
00012  202701331113113333331131131111311111131133111111131113313331113113
00012  202702311113311331131111133311331133 X
00012  212201333111113333331131331111313111331133313311113113313331333113
00012  212202311111311333313113133313131333 X
00012  222101313131313333311131333133111131331133333113131113313331311113
00012  222102313331131131111113133313331333 X
00012  232301131111113313331333333111111111131131331311111331313331111113
00012  232302313113111131311113111311311131 X
00012  242401333113113133331113311131311111331311333131131113133131131133
00012  242402333111111131111133133113111333 X
00012  252701331113113133311131131111111111131113111113111111111111111113
00012  252702311111313131111113113111311333 X
00012  262401333133313133311113313131111131331331333131111113311331111313
00012  262402331113113133311133113113331331 X
00012  272201313113313133131111113133111131111311331131131113313333113313
00012  272202331113113133311131113113313331 X
00012  322501131133133133311111111111111131111113333311331311333331311333
00012  322502313111313131111313133113311333 X
00012  332201311113133331311111111111311111131133313331333113133333311133
00012  332202311111113311111113313113331333 X
00012  342701333133113333311113113131111131131313311113131333331133311313
00012  342702331111133333311113113113311131 X
00012  382201111311113133311311311131113111111333333113111131311131113313
00012  382202313113113133111313131133331113 X
00012  391701331133113333311311113133311131331113311113111133311311111313
00012  391702313111111331113111331113331333 X
00012  422201333113313133113111333131111113331311333133131131311333313333
00012  422202331113331133113131331113311333 X
00012  442701331133113333311133311113111111131133313111113113311331111131
00012  442702311113313131311113133113331133 X
00012  452101333113133133313111313133113133111311333113131133131131111311
00012  452102331113311133311133333111111333 X
00012  472201331113133113131111113133311311131111113113111113313331111331
00012  472202313113313333111131133313311331 X
00012  492201131133131333311111331113111111131113313111133113333133311113
00012  282811333111111333331131113111311131311311313113111131133313313311
00012  282812311111313131111113113113311333 X
00012  292411331133131331331133111133111313311113313331133333313313111333
00012  292412313111113331111333113313331131 X
00012  302811333133133333331313111133111311331311333131131313311333113333
00012  302812313133113313313113313113311333 X
00012  311911333133131333331131311113311111331311313313131313311113111313
00012  311912313111111331111113111313331333 X
00012  352011313313133333311133333113311111111131313133131313311331111133
00012  352012313111313133311133313113331131 X
00012  362011331113131333331331331113311133111133313131131313331311113333
00012  362012333111313131311133313313331331 X
00012  372111313133313333313131311133311111331133313331133313313331313113
00012  372112331113133333311113133333131331 X
00012  401911313113131333311133311113111113131113333313133133313313111133
00012  401912313131131333313313313113311333 X
00012  462411333133133333333113311133113313331331311331133131311331113113
00012  462412313111111333131133131113133331 X
00012  481711333131133333311331311133313111331333313311131311331331131313
00012  481712333313333333113313333333331331 X
00012  561811313131333333331133331133313131331313333131133313313333313333
00012  561812333311131333113131113313333333 X
00012  622211113113113131111111113113313333131111333111131133113331113313
00012  622212311133131333111331113113313333 X
00012  632211333333133331311133311133313313311313313331133133311331111133
00012  632212313133113131331111313313333331 X
00012  642411333113113133331131111113113111111113311111133111313331313113
00012  642412311111113333111113113111131331 X
00012  712311331111131133111133333111111111111313311113113111311333313113
00012  712312311111111133311111131113331133 X
00012  722611331113113333331113333111311131111333333133133131311331113313
00012  722612331113113333311313133133311131 X
00012  732311331131133333131133333133113111131333333311133131313333113133
00012  732312313333131311331113333313331333 X
00012  752311333111133313131313111111111111131311313311133111311333113111
00012  752312313111131331111113313133313331 X
00012  812511333111113133311113313131111111331311331111131131313331113113
00012  812512311111111133313113133113311333 X
00012  822611331111113131311113331111313111131113311111131111313333113333
00012  822612311311111331111113113311131131 X
00012  852711113311333133311133333131311331331331131113111133133131111331
00012  852712331311133331313333133113311331 X
00012  872511331131111311331333133111311111331131111111131331313331113111
00012  872512313113111113111111313113333311 X
00012  882511333131331333133331333133313113313331133333131133311333113331
00012  882512333133333133333333333313331313 X
00012  892411133133133333333131331131111111331131333333131131113133111313
00012  892412331133113333131333133313111133 X
00012  902611333133113331333133331131311111331311313331133331313333311313
00012  902612313311113113333113133313331333 X
00012  932211333113333133111331311133311131131311333111131111113131111333
00012  932212333111113131311133313113311331 X
00012  962011313131331331131133111113313111333311333331133133311331111333
00012  962012313333133331111311133313331131 X
00012 1012011331113111311331133131111311331111113311111133111311111311113
00012 1012012311111313311311113113313131331 X
00012 1072911131131131111331113131133311131111113311111131113331333333333
00012 1072912313111113131311133313113111331 X
00012 1082511133311311113311331313333113133311331133133331133331131133331
00012 1082512133113331133111131131113311311 X
00012 1092511113331311313113331131331133311133313131331313333331113131333
00012 1092512113333333331333333311133133313 X
00012 1122611331311131331311133111113311113131111113313131313313331131133
00012 1122612313311313331331113313311331331 X
00012 1192611333113333133313113313113313133113311333131131113331131313113
00012 1192612313113131133313111133313311333 X
00012 1202711313113133331331133111113311111133111113331133111313333111133
00012 1202712313311111331331111113313331111 X
00012 1232211313311111333133131331113313311133313313311111113331311113113
00012 1232212311313111131311113113313311331 X
00012 1263311133313313331331313333133313333311311333133131133311131133313
00012 1263312333333133133333333133133311333 X
00012 1303511331131113131331111311113111131131133313311132313113313313333
00012 1303512333313133311311111133313311333 X
00012 1322611113333333133113311313333313333311331333131133133313333313311
00012 1322612331113333333333133333113313331 X
00012 1412511111331111113111331311133133113333311313333311311131111133131
00012 1412512133133133111333313311331113313 X
00012 1431911331133113333331133111133311311331133311331133133313331111133
00012 1431912311111111331133113313111333333 X
00012 1452011133313331333331313113113311331131111113133131113133311113133
00012 1452012313111311333311113113113311131 X
00012 1472511311113113133311133133113111131131133313113311111311331313113
00012 1472512311111311331311113131111333131 X
00012 1482011331113111313331111111113313131131113311113113111111311113133
00012 1482012311111111331111113113113331131 X
00012 1492411111311333111113111311333133333313331333133311131133113333331
00012 1492412333333133111113331311333311311 X
00012 1502911131113113331111133111113113131311111131111131133111331111111
00012 1502912311111111131111111113311311131 X
00012 1512711131113113333311131133111311131131133311313111131133313313113
00012 1512712311311111131311133111311131331 X
00012 1533011131111113111311113111111111131311111311113111111131133111111
00012 1533012131111133113113131331111311131 X
00012 1552511313331131333313331311333131331331331311313133133131333331333
00012 1552512331333331331131331331331133313 X
00012 1572111333113133333313133333133113131111311311113131131111131333113
00012 1572112311113111131333133313113311333 X
00012 1652611313311331331331331111121333111131111131121111231131331111313
00012 1652612311113333113311113311313311111 X
00012 1702511333133333333313333313133313113331311333313133113313333113333
00012 1702512333331133331311133333313331333 X
00012 1722511333113133133113331131111311333313311331333133331333331311313
00012 1722512331333333333311333133333333331 X
00012 1732511333133133133311111111111313111131311331111131313313331313113
00012 1732512313111333131311111111313111313 X
00012 1752511331113113331331131111111311113131131331333131331311331311111
00012 1752512311111111133111133111113111133 X
00012 1812711331111113333311131133111333111131133313311131131313333333333
00012 1812712311113313131311113133113131333 X
00012 1823911331133333333131133131113311133111133313311313113313331133113
00012 1823912313111111331311113111313131333 X
00012 1861911111133133331333131331111311113131113313311133133313333333113
00012 1861912313111113331111113111313311131 X
00012 1872611133113313133311131333131311133331331133133131111133311113313
00012 1872612313311313333131111313313313333 X
00012 1902511331133113331331131131113311131131113333313133313313333333133
00012 1902512113111333331111133311113333333 X
00012 1921611333133133331311331133131311131133133331311131311333131313133
00012 1921612313111111331311113113111331333 X
00012 1952211313111331331333113133131313131111311331113111331331133113113
00012 1952212333311133331313333131313331333 X
00012 1961611133131313333313131311131313113331333133133131131313333133313
00012 1961612313111331131313133313113311333 X
00012 1972011313133333311333133111113311111131111313331133313313331133133
00012 1972012313313113333311113313333131331 X
00012 2052311331113133333131311111113111331131131311111133111313133311111
00012 2052312113311333331311113113113331313 X
00012 2062611333313113131331131331133311133111311333111131133313133313113
00012 2062612313111313333311133131113133333 X
00012 2082911331111113311331131131131311111131133331311131111111331311111
00012 2082912313111113131311111113113331131 X
00012 2102211331313313333331131131111113311311131311333331111333333313113
00012 2102212333131313331313113313313331331 X
00012 2122511333113313131331133111133311113331111311133311111113331111311
00012 2122512311111111131313133113111313131 X
00012 2492911333113113113313131311131311131311131113113131313113331111111
00012 2492912311131311333311111133113313331 X
00012 2522611331113131333313131311111111111131133311311133313313331133131
00012 2522612313111311332311113313113311133 X
00012 2603311333113333131311133333133111333311311133131131333313133313311
00012 2603312331113133333113333133113313333 X
00012 2611911113333133333313311313133113331311311131133131333313131133331
00012 2611912331113133333331331133313333333 X
00012 2651711333131131131333131113113311111131113313111131113313133113111
00012 2651712313111311333311113313111311333 X
00012 2662311313133333331131133113113111311131113113311131313313313111133
00012 2662312313111133131111331313313331333 X
00012 2671811333133333333311131311133311131331113313311133313313333333331
00012 2671812313311111133311113333111331133 X
00012 2682311333113113133311131313131113131311133333113111111313131313111
00012 2682312113111333333331113333113311333 X
00012 2726311331113133113331133113313311131111113313123131333113331313111
00012 2726312311131113111111313113113333133 X
00012 2762411133133113133331133131111313111331133331331113331331333113311
00012 2762412333133111331113113111113133333 X
00012 2772411331133133331331131133131311111131133113311133333113331133133
00012 2772412311311313333111133313313331333 X
00012 2791811331333133331331131113113111111131113113111333311313311111111
00012 2791812313311111131111113313111331133 X
00012 2802311333113331113113131111113311111111311113313111111313133311331
00012 2802312113111133113111111133113311333 X
00012 2812411333333133333133331312113311311311113113331131313313333311333
00012 2812412313113133333311331333333331313 X
00012 2832411331113131311331131131113311111131111111311133113313333113131
00012 2832412313311311131111113311113331333 X
00012 2852911333131111311333131111131311131111331311311311311313331311111
00012 2852912313111311133313333313113311331 X
00012 2902611331113133333331113113133113111331311333111131333313331111133
00012 2902612113313113333111313313113131313 X
00012 2913111333133333333331333111133311311131133333313133313333333133133
00012 2913112313111113333311113133313331333 X
00012 2923511331113333133331333113113111331111133331113131133313131111131
00012 2923512313311113313311331133113311333 X
00012 2932311333333133333311333311133311311333133311331133113311331131333
00012 2932312133333113333311133113313311333 X
00012 2942511333113111133311113333111111131311133311113131113311331311311
00012 2942512311131313333331311113313111133 X
00012 2952511331113113113331131111113311131331131311113131131313331111111
00012 2952512311111311333111113113313311331 X
00012 2972811331313133131331311313133333331111133313113131133333331311311
00012 2972812333131311333313133331313311331 X
00012 3002511131133133333311131113113111131111133113313111311333331113111
00012 3002512311111311331311113333111131331 X
00012 3012411313313333333331133311131111311331133333331133313133333333331
00012 3012412333113131333113333113313131133 X
00012 3052411113113113133311131111131111111311331331113111131111133313111
00012 3052412311111111131311131133111311331 X
00012 3072611331131111311331131131311311111131113311311133111313311131111
00012 3072612311111311311311111133111311311 X
00012 3082711131133313131311133111131111313131331333311131113133133313311
00012 3082712311111111131111131133111311333 X
00012 3092211131133131331331311111111111111331111311113333111311113113311
00012 3092212333133313333313131113113331133 X
00012 3142611331133113331311131113113311111131113313111311111311131311111
00012 3142612311111113331111113113311311333 X
00012 3201911131113133133111113333111111111311311333131111133311131111111
00012 3201912311111111133311133113113311331 X
00012 3222811131113133133311133111111111111111133111313111111313311111111
00012 3222812311111311331331313313113311131 X
00012 3272511333131133331111111131113311113311133133113113331313113313113
00012 3272512111311333311311113113111111331 X
00012 3282111333311131131311133113333111113331313331311131333331131111133
00012 3282112331313131331133333313113331333 X
00012 3305111311113113111111311113133111113111331313113311313333311311313
00012 3305112131131333331311333133113331111 X
00012 3312211331313133131311311313133311331111311313113331333333131133331
00012 3312212333333313133311331331113331331 X
00012 3371811131113133133111131113113111131331313333331131333113131113133
00012 3371812311313311131111113113111111333 X
00012 3392511331313133333331331311133311111331313133131331333333333133133
00012 3392512313111333333313131133113333333 X
00012 3412711333313133133131331313113311111331331111111111313311331131131
00012 3412712313131113133331111113113331331 X
00012 3432611333113331133331311313133111133311331133133113313331231113333
00012 3432612311133133331313333333313111113 X
00012 3442811313133133333331133111333111111131113311311131313333333113331
00012 3442812131111133131111133313113331331 X
00012 3482111333133133333331131111131111113331113313331133113313333311131
00012 3482112311131111333111113113113133133 X
00012 3492111333111131333111111333111311311331111333111131333313111111131
00012 3492112313111113333313331113113331311 X
00012 3502711333313331133311131113131311111331313131131131313333333111333
00012 3502712131313313133311113133333311131 X
00012 3512211333313311113311131313131311113311311331333113331313111133313
00012 3512212131333311311313331133113313331 X
00012 3521811333313133333311331113111113311111131111133133133331131133333
00012 3521812311111111333111133133133311333 X
00012 3532311313333333313333311313133311333331313133131133333333333113331
00012 3532312333333333333133331313113331331 X
00012 3542411331113133331331131131111111133331113331311133131333331133113
00012 3542412111311333331111113113111333331 X
00012 3552611313331333133331311111113311113331333313311131333313333113113
00012 3552612311313311313111113313313331333 X
00012 3562311133113313133313311313331313333311311331133131111331133113311
00012 3562312331313133133313333113113311333 X
00012 3593011331133313333131133111133111333131331333311333133313331113131
00012 3593012113111333331111313113113331333 X
00012 3662611331113133133333131313131313113113331133113131113311131111133
00012 3662612133111331133331333333113111331 X
00012 3672111331133133333331131111133311113131113113311131133333331133333
00012 3672112313111113333331333333133311333 X
00012 3682811331113113113311333113133311131111311311311131331313333313113
00012 3682812311111311333111333313333113133 X
00012 3741811333133133331311131111113311313331111333313131333113333133111
00012 3741812313111111333311331131113131313 X
00012 3752211331131133311311331111133311311131133313311133113313313113133
00012 3752212313131313331311113113133331331 X
00012 3782511131113133131133331333113111331113331333111131131331331311111
00012 3782512313111113133331133333133311313 X
00012 3801911331133133333311131111113111311131113133311133313313313133111
00012 3801912311313311331111311113313331333 X
00012 3813111331113133333311133311131111131311331333313111131313333111313
00012 3813112311111313133111333133113331333 X
00012 3822711133133113333311133311111111133111113333313313333323331311111
00012 3822712311113311333131113313113313331 X
00012 3832711331113133311331131131111311113131113311111311113313333113313
00012 3832712311311313131113113113111311131 X
00012 3852411333133333113333331313133311313333311133331333133313333333333
00012 3852412313333113131313131333313133311 X
00012 3862811333113113133313131313131111131111131333113131333313333113311
00012 3862812331131113133311331113113313113 X
00012 3943011331111133311311111131131311133331113113331131111313331111131
00012 3943012313113133333331133333113331331 X
00012 3971911331131113131331111111131311113111113313313131313313333113333
00012 3971912113113113133331333111313313331 X
00012 4012511331111333333331331113113113331311333313133131131113331333113
00012 4012512313111111331311333113113331331 X
00012 4142511333133331333333333111133111331331331331331133313311331313311
00012 4142512311111131331311131113113333333 X
00012 4172511331133113111331133131111311113131113313311113331313331113131
00012 4172512313131113331311113113311131131 X
00012 4232911133113333133111331333133111331111333313113131313313331133111
00012 4232912331113333113111331313313311313 X
00012 4262911333133113331331331131113111131131113113111133313311331111113
00012 4262912313311113333111113113113331333 X
00012 4342511333133133333331331113113111113131133331313133333313331131331
00012 4342512313331313333111313133313331333 X
00012 4362111313333331333131311111133333111331311333133131333313133131333
00012 4362112313331311133131331313311333311 X
00012 4372811131113113333313111113111111111311131333133131133311131311111
00012 4372812311311331133313113113113331333 X
00012 4432411311133131333311113313133111131111331133113131331333331113133
00012 4432412311311313133133113133331111313 X
00012 4442011311333331313131333113133313313331111111311111113313333313111
00012 4442012311311111331311113113111131313 X
00012 4522511331133133133311331313133313111331311333333113131331313331111
00012 4522512111313111131313111311313331331 X
00012 4612511313311331333113133133311331113111313331111311313333333131111
00012 4612512313113113333313131313313331333 X
00012 4682411331133133331333133111113311113331131113311113333313331113113
00012 4682412311111113331331113113311311311 X
00012 4692711333113331131311111133113111131311313311133331331313311311311
00012 4692712311111331331113311113313311133 X
00012 4812711333113331113311111313133111133311331131133311133133133113311
00012 4812712331131133133313333133113311333 X
00012 4852311113113333333331131111133111113311331331313111331333331333311
00012 4852312331111313333111133113113111333 X
00012 4861811133113331131313131313133313331331313331133131333313331133111
00012 4861812331113331133313133113113111313 X
00012 4981711313133133333333131113111333113133113311331331133313333331113
00012 4981712313313313333331113313333333333 X
00012 5001911331331313331331131133311311311133131311311131311331331313113
00012 5001912313331311313311313133313331333 X
00012 5052211331333133333111331313133313311331311333313131133331333113333
00012 5052212333333331333311131331313333333 X
00012 5102211333113111333131131113113313131131313313333133331333331133131
00012 5102212313311311333311131311113331333 X
00012 5171811313131331313331133311113311111131113113311131133311331313113
00012 5171812311111133111311111313313331331 X
00012 5222511331113113133311111133113311131111133313113311111311331113113
00012 5222512311111113331111313133313131331 X
00012 5331611131313311313313313133131311133133131333113131333113113331131
00012 5331612313131333111113313131313131313 X
00012 5381711333333111333333131311113333111311131331111331333313333111133
00012 5381712113113333331331313133313331333 X
00012 5431711333313313133333313311133113111331311333133133331331333333311
00012 5431712311313113133113133111113313313 X
00012 5441611333333331333313113113133313113131331333333131333133133113313
00012 5441612131333333133313333133333333333 X
00012 5491611313333331333313331313113333331313331133333333133331331133311
00012 5491612333333113113131333333333333133 X
00012 5571611333311133331331131311311333111331113333111331313313133111313
00012 5571612313133331131311111333313333111 X
00012 5591611333331333333113313111113311333111331333131133331313131133333
00012 5591612333113333113311131113333333313 X
00012 5651711333133333333333133333311311113331331333333133331333133333333
00012 5651712313313113333311313133333333331 X
00012 5671611331331113333333113111113311113331133333311131313311133111133
00012 5671612313311313333331113133331331333 X
00012 5691811333313113133333133111113311311131131313311333133113331313331
00012 5691812313111313131311133311313331333 X
00012 5701611333111133133333331113133313113131331333113131333111131113331
00012 5701612311131313133111333331113313333 X
00012 5721611313333113313333133111133113333331333333311133333313333113133
00012 5721612313133331131113131311133113311 X
00012 5731911333313113113313331111113311131131333313113131331131331311131
00012 5731912313311311131111133333113313131 X
00012 5771711333333333333133311113113313333333131331133131333313133333311
00012 5771712333113333131311131313333333331 X
00012 5811711333113133333333131111113313133311311333333331333313133113313
00012 5811712333333311131311133313323133313 X
00012 5821911333333113333331331133313331311133333333313331333333333333113
00012 5821912333313113333111113111313331333 X
00012 5831711313331113311331331131111313313131113113313131131333313113133
00012 5831712313313131333311113311311333331 X
00012 5841711331313331313333311133113333313333131333313133133311331131331
00012 5841712333333333113311331113311333333 X
00012 5871711333313113331311331133133133111131113333313133333313333113333
00012 5871712313113313333313111313113333333 X
00012 5881711331331113333331131131111313111131133331311113111311331113133
00012 5881712313311113331311113111313333331 X
00012 5911711331331133331333113111113311131133133313313311333311333333133
00012 5911712313331311113111113113311331133 X
00012 5991611333313333333313333313133313311333311333333133333333133113313
00012 5991612333313131133133333311333333333 X
00012 6001811331113133331313133131133311313133113313311311331333333311333
00012 6001812313113313133313113313313333313 X
00012 6011811133333333333313113333131113133331331333133131131131133333313
00012 6011812331113131113313333333313331333 X
00012 6021911333333133331333131113111311111131133333313331333311331313131
00012 6021912313311313133311111113311331333 X
00012 6041611313313331133113313311111113111313113333111331133113331111331
00012 6041612311113311333311111333313311333 X
00012 6051611333113333311133311113111311113333113333133331313313331111133
00012 6051612333133113113133133313333333131 X
00012 6061711333133333333333333313113313113331313331131131333313333131313
00012 6061712333313131133113333333313333313 X
00012 6071711333113333133313313331131113131331331331111133133313133111333
00012 6071712313311331131313313333333313331 X
00012 6101711333333133331131331111113313311133311333331333131313331113331
00012 6101712333113333133313333331313331313 X
00012 6111611331333131333333311131313333333333113333331133333313133333333
00012 6111612313333313333313113333333313313 X
00012 6131611333311333331333333113313313131131333333133133331331131313331
00012 6131612333113311133311133311313333333 X
00012 6141811331331113311331131131111111311131133313311131111311311133113
00012 6141812311311111331311111111313331331 X
00012 6151711313131331133333333311333313313131313333333131333333333131333
00012 6151712333331113113113331331313333313 X
00012 6161711311331113333333133111111311131131133311313113131333331113333
00012 6161712311111111133111113111313331333 X
00012 6171811313333333333133111313113113133333313333133131133333133111313
00012 6171812333133333133133133333313333333 X
00012 6191711333331133313133131131113311311133113311311111131311311113113
00012 6191712311313111133133113113313131331 X
00012 6201811313333311331113313311333113331331333313331133333333331333333
00012 6201812333313313333313313331313331333 X
00012 6211611333333133333133333313113313311333311333133333333313333113333
00012 6211612133313313131113133333313333313 X
00012 6221811333313331133113333111113113313333311333111331333313333111313
00012 6221812333333113133133333333313333311 X
00012 6231811331311113311131131111113311311131111113311311311313311111133
00012 6231812313311313111131113313333313331 X
00012 6241711331111333313333333131313113313133313313333131333333331113333
00012 6241712333133111133311133313313313333 X
00012 6251711331113113313311313333313311313113111313113131313113131313333
00012 6251712333331333133331133313313313311 X
00012 6261711331333133333333133313111331331331333333311113333313331333133
00012 6261712313313133113313131131313331331 X
00012 6271711313333313333113333311313113113311333333131133333333333333331
00012 6271712331333113133313333133333333333 X
00012 6281811313313113133111111113113313111131311113111311331111111111331
00012 6281812311111113333311111133313311311 X
00012 6301711313111133333133331111133313333131311133331331313313113111333
00012 6301712313111313133333333333313313313 X
00012 6311611313311133333133331313113133313311331133131133313313131113133
00012 6311612333133333333313333333333333311 X
00012 6461811131313111133331133113113133131331113113313131311111311111331
00012 6461812313111111131311313113313311131 X
00012 6471611331331113333333133113113333311333133313313333313313331333113
00012 6471612313111111131311113133313331131 X
00012 6481611331331133333331131111113313333133113313311131333313331113333
00012 6481612313333311113311311333313333331 X
00012 6521711333333111333331133111113333111131113313311331313313131131113
00012 6521712333313311331331331133333333333 X
00012 6531611333333313313131331111111333313131131113311131313311331111133
00012 6531612333113331133111331333333313111 X
00012 6541711313313331313333311313313113333113113133131131133313133131133
00012 6541712313311313331333131333133333131 X
00012 6551911313313133333331133133113131131133113113311113333313331333113
00012 6551912313131113333311111133311333331 X
00012 6561811113111333133133131113113113333311331133113131313113331313113
00012 6561812333133331133113333333313313313 X
00012 6571711113313331133131311113111111113111111133113331313133131113111
00012 6571712311131111133111133313111311131 X
00012 6581811331113111133331331111113333131313131113113331313333111113331
00012 6581812313111313131311311333313311331 X
00012 6601711331313113133331113111133113133311331333133113333333131313313
00012 6601712333133111333113133113333313131 X
00012 6611811331133133333331133133113111131131133113311111113311131111113
00012 6611812313111113131111111113113331331 X
00012 6621611333133133313113111113313113331331311133333131313113131131331
00012 6621612333111333131313313313313313131 X
00012 6631611313133111333131113113113333113331113333111331333313333111131
00012 6631612313311133131331311133313331331 X
00012 6641611313133113331131331111113333313133133313111331313313113113133
00012 6641612313313313131311311331313333111 X
00012 6651611311333113333333131111113333313133113313111311333313333113133
00012 6651612313313311133111113333333333311 X
00012 6661611331333133333331133111113333113131133313111111313313131113333
00012 6661612313313113333311111133331331331 X
00012 6672011313313133313313111333111113113111111333111111313111131313111
00012 6672012333131111131311113133313113311 X
00012 6681611333333133333331133111113313311131131313313131313313131111113
00012 6681612313111113133113311133313331131 X
00012 6691611131331113333131131111113131333133313333311131333313331113313
00012 6691612311133111133111111311311331331 X
00012 6721611333313113313113131113113313111131131133311331333313311133113
00012 6721612313311111131311113113313331131 X
00012 6741711331131333333333311131113333113331113333333131313311331333331
00012 6741712333333333113311331313333333333 X
00012 6761811313333133131333333311113331113131133333311331311333311313333
00012 6761812313331333331311331313333333333 X
00012 6781811133311113113113113113113113111113311133131131133313131311333
00012 6781812333131131131113331331113333311 X
00012 6791811313311113313111133311111331311133311313311131133133313111313
00012 6791812311311111133113111113311333333 X
00012 6801811333313313333313333311111333113131311331131331333313133133313
00012 6801812331113131133331133331313133333 X
00012 6811811333333313133333131111131313113331331333113131333313333113113
00012 6811812313111313331313133111313331333 X
00012 6831811113131331111111113333331331133313333111131113131311111131231
00012 6831812111311133111113331133131113111 X
00012 6841711333113311311333111131113311313111331333211131313113131111333
00012 6841712333133131311311331311333133331 X
00012 6881611331333111331331133131111331113133113333311133313313331331333
00012 6881612313331133333331111333313333131 X
00012 6911711111333131311313311131131313111331113133111131133313131111113
00012 6911712313111313131113111311133331333 X
00012 6921611333311333333333133131113111331131111311113331311331313133333
00012 6921612333313133133311331113311333331 X
00012 6941911311313313333333331111113311311131131311313331331313311133313
00012 6941912311331313333311111331333333131 X
00012 6951711313331313333113331111113311311111311333131131333313333311333
00012 6951712333113133133333133333333333331 X
00012 6962011333331133131311331311131331313133311333331131333313331111113
00012 6962012331333111333313313333313313333 X
00012 6971811333311131331333133133333311311131313313313133111133311313333
00012 6971812313111131331111133113313331333 X
00012 7022711131133333133333111313113311131111113333111131113313333111331
00012 7022712333111131331311111313313311333 X
00012 7043211333313333333331133113113311111111113313311133133313331333111
00012 7043212113113131331111113313313331133 X
00012 7052411331113131133311113133111111131131313333113311313133333113113
00012 7052412311111111331311333111331111131 X
00012 7062511313133133333333133111113111111131113133311133313313111131313
00012 7062512313131133331331331113113333331 X
00012 7092311331113333133111113111133111131111331113133111331311331313113
00012 7092312311111111133111113113313311133 X
00012 7102411131113133333331113113113111111111113313113111111313131133111
00012 7102412313111111333311113313111331333 X
00012 7112611131133131333311331111113311111131113113311111113113331113133
00012 7112612311111113331111113113111331133 X
00012 7233111331113133133311111133113111131111113111113111111111131313131
00012 7233112311113311333331113113131331133 X
00012 7253811331133113331331131111111311111131113113311111111313111133111
00012 7253812311311131331311113111111331133 X
00012 7262011333133313333311313331113331131331311113131133313313331131131
00012 7262012113111133331313133313313331333 X
00012 7303111333311333331133111333113311331131113131111111333113331311111
00012 7303112313111111333111113133313311333 X
00012 7312311313331333131333331131133111131331111133131331333333333111331
00012 7312312333113131333311331313113331113 X
00012 7322011333131333333331331111111311111131113311311113333333331131111
00012 7322012311111311333311113131113311133 X
00012 7332911111333333333311333313113113333111133333113131333333333313313
00012 7332912313111111333111131113313311331 X
00012 7382211331333111333321133131113311331131113113311111311313331111113
00012 7382212311311113311311113113113131333 X
00012 7391911333333133133331133313133113311311313333331131333313333231331
00012 7391912313131131133333133133113331333 X
00012 7402611133113113133311113113133111311311333131133131313333331111331
00012 7402612331113331333111331313113311333 X
00012 7412611133113313113331113113133111131111111311113131133113133113311
00012 7412612331131313131313133113113331133 X
00012 7441811333133311333313313113133311131311313133133133333333333131311
00012 7441812333133331333333131313113331333 X
00012 7452211331113333333311131311113311111331333333131133333313333113313
00012 7452212313113331333311113113113133333 X
00012 7502511333133331333333131313111311131331113313131113333313131113111
00012 7502512311313331333311113113113331133 X
00012 7512511333113311131131331311113313331331311333131311333313331111111
00012 7512512331111331331311313133113331333 X
00012 7562411333113111333311131111113111131131131333311113333311331313111
00012 7562412311311311333111131113113131133 X
00012 7852611313333333333131333131333331331133133331313313133333333333333
00012 7582612113331113333331331333333333313 X
00012 7622311333133133333331133111113311111331133311311113133331331333111
00012 7622312311111113311111113113311131333 X
00012 7652611111311111313331131111113311111111133333111111313131331111111
00012 7652612311331311311131311133313331131 X
00012 7672311333133333133333113311133311311111313333331133133313333333333
00012 7672312313113113313111133331313131333 X
00012 7682911333133313133333111111133111111111313333311133113313331133331
00012 7682912313113113313111133131111111333 X
00012 7702011333333333133113333111113111311313113113333133113313331113331
00012 7702012313111113131113331333313313311 X
00012 7723111333313133131131313111113311131131111333311131113313331111131
00012 7723112313333113113331333133133333311 X
