NORWEGIAN  EPQ 90 ITEMS  WITH MALES AND FEMALES
   1561 1 333113333131313133313133113331131111313133131311113131313131
   1561 2 331311113133313111133111313311
   4271 1 131311313331331333313113313111131113333113131113313331111131
   4271 2 313311111331331111133113313313
   5561 1 131113313333331133311313111331131313311111131333131331313113
   5561 2 313311113131311113113113311333
   8241 1 333331133333333333313113311311131311313313131133313331313333
   8241 2 311111113333311111113333331313
  10601 1 333111333133313113313133113331331311333133131333333133313331
  10601 2 333311113133313131133111313311
  12261 1 331331333331331333111113111311131113113311133313311331111333
  12261 2 313311113311311111113313331331
  15271 1 131131133333331133113133311311131111313311133113313331111133
  15271 2 311311113331331111113313311333
  16221 1 333131333311331131111313311311131113313311113113111311111313
  16221 2 313111331331331111113313331331
  17541 1 133131133331331131111113111311131113113311131313311311133113
  17541 2 311311313131311111113313331333
  18261 1 333131133331331131113133311311133113113311133313313331333333
  18261 2 313111113311311111113313331331
  21581 1 333133111333331113313113111331331331333113133113313131113133
  21581 2 313311113133313113131113331333
  23231 1 131131113331331133111113311111131333333311133113311331333113
  23231 2 311311111333311113111313331331
  27211 1 133111131333331331313113311311131113313133131113111131313131
  27211 2 311111313131311111133113313313
  29571 1 331131113333333133331131311111131111331111113333311333311333
  29571 2 311311111333111111133311331333
  30281 1 333131133331331133311113311311131111131311133333331331111113
  30281 2 311311113331331111113113331111
  33561 1 111333331111313311331311133133313311111333331333113111131331
  33561 2 131133131133313331331311131111
  39591 1 133311313331331333311113111311311311313111113333311333111133
  39591 2 311311111331333111133113311333
  40321 1 131331133331331131111113311311131133313311133113311331113113
  40321 2 313311111331331111113313331333
  43271 1 333313331331133111311313111311131311313311131113313331111133
  43271 2 311111131133331111113113313313
  45571 1 131333133333331331311113111333133113313111133313331331331113
  45571 2 313331331331331113113311331313
  46311 1 133331133331331131111113111311131113113311133113313331133133
  46311 2 311311311333113113113313331311
  48201 1 131111333131331311113113311311131113113113131111313311113313
  48201 2 311111331131311111311113311133
  49551 1 333333333333133133311133313331331311333131331333313311113331
  49551 2 333111133113313111133313331313
  53551 1 133131133333331133311113111311131113313311131313311331313133
  53551 2 313111133331311111113313331333
  63661 1 331133113331331133111111111311131111311111133113311331113111
  63661 2 311311113131311111113311311333
  66281 1 333331333331333333311113311311131111333311133333313331333133
  66281 2 313111133331331111113313331313
  68261 1 333113333331333331133133311311131111313133131113313331311333
  68261 2 311311313133331111133113313313
  70211 1 333331333331331333111113311311133113313311133313313331313133
  70211 2 313111113333331111113333331313
  73251 1 333333333333331331111113311311131333313311133113313331333113
  73251 2 313111111331311113133313133331
  76551 1 131133133331331333113113111331131113313113131133111331311133
  76551 2 311311113131311111113111333113
  77331 1 331111133133331333113113111111131113313113133313313311113133
  77331 2 313313113331331111113313333313
  80551 1 113133333331331311113313113311131111113113133333311331113133
  80551 2 313111111333311111133311311313
  81271 1 333113333331331133311133311311133113113111133313313331113311
  81271 2 313111133331311111113113333313
  84571 1 133113313133113111313133113331311311313113131113313133131331
  84571 2 313311113133333311333113313333
  90541 1 333333333133131331313133313311131113113313131333313331113133
  90541 2 313311311131111111133311311333
  92221 1 333333333333131331111313311313131311333111331333313331131331
  92221 2 313111313133331111333313311313
  94521 1 313113131333333331113133111111131113313311133313313331111133
  94521 2 331311313333333113133311333333
  95301 1 133111331331333133113113111111131113313113133133313331131333
  95301 2 311111113331331111113333331133
  99271 1 333331333333333331111113113313331311333111131333311331111333
  99271 2 313313313131333111133313311333
 101531 1 113333133333331331111113311311131133333311133113313331113133
 101531 2 313311313333311111113313331313
 102271 1 133113113331331131113113311111131131113313113313311331111313
 102271 2 313311313331311113113331331313
 103531 1 133133311331331331311113313311111313313111133133311331133313
 103531 2 311313313333311111133113331313
 105231 1 133333313333333331331113311311111111333311133133313333133333
 105231 2 311313133331333113131313333333
 107531 1 131131113331331131111111311111131133311111133111311331333113
 107531 2 311311113333311113131113331333
 109281 1 331131133331131333111113111311131111133111133333313331131133
 109281 2 313313111331331111113313331133
 110531 1 133111113333331133311111311113131313331111113113313331133133
 110531 2 311313113333311111131113311333
 114191 1 333133113333333331111113313311131111313311133313313331133133
 114191 2 313111113331311111313113313333
 115541 1 331311113331331133111113311311131111313311133113313331313133
 115541 2 311311113131331111113113311333
 117241 1 333111133331331131111113311311133111313311133133311331131133
 117241 2 313113313331331111313313311313
 118211 1 331331133331331131111113311311131113313311133113311331131133
 118211 2 311311313331131111313331331311
 119541 1 333131113331331133111113111311131113311111131313313331313133
 119541 2 311313113131331111113111311331
 121171 1 333313133333331133113113313311131113313313131113313331113133
 121171 2 313311113131331111113313313333
 123571 1 133113113333333133313113113311131311333133133133311133333311
 123571 2 313113113333313113131113333333
 125561 1 131133113333331133111113113111111113111113131113311333313333
 125561 2 311311313131313111113111313333
 126231 1 113111333331133313313133311311131111313113331313313333113331
 126231 2 313311113133313111113113313313
 127531 1 131113333131311133113111113331131113113311111111311331111111
 127531 2 311311111113331111313113311133
 129211 1 133331131331131331111113111311113111113311133113313331131133
 129211 2 313311111331331131313313331313
 132531 1 333131333131331331111113111331131111113311133111311331111111
 132531 2 311311111131331111113313311333
 134231 1 331111333131311131313333111131131113111113131113311331113113
 134231 2 313111111131111111133113311333
 135211 1 333311333131131333113113311311111311113111131113313331111331
 135211 2 313111111133331111313113311333
 141571 1 333113333133113311313113113331311311333133111313113133313111
 141571 2 331311133133313111133111313313
 145291 1 333333333333333333313333313313113311313331331313313313111131
 145291 2 313311133131311111113113311333
 147601 1 133313333333333331313113111311111113333133133133333331133311
 147601 2 313311113333131111133313313333
 149511 1 133111113133331131111111113311131113311311111111311331113133
 149511 2 311111111113313111113313311331
 152171 1 113133333333131133311133313311131131333311133313313331133333
 152171 2 313311111333331113333333331333
 154481 1 131111113331331133311111111111131133311313113111311331333113
 154481 2 311111111331111113111313333133
 157531 1 131113113131331131133111111111131133311113113111311331333113
 157531 2 311111111331111113111111311333
 158201 1 313331333333131331311133311313133111313311133133313331111333
 158201 2 313313313311331111133333333311
 160281 1 133133313333333333313133311311131311331113113111311331113311
 160281 2 311311111333311111131311313313
 161201 1 131311113331331131111111311111131131311311111111113331333133
 161201 2 331111311311111111111111113133
 162171 1 133133313333133331111333313311133111313311133313113333133333
 162171 2 313311113313311111313331333313
 165511 1 331133133333331331113133113111131311313111133113311331113131
 165511 2 313311313333311113133111331313
 166301 1 133111111131331131113113111311131113313113111113113331311111
 166301 2 311111113133311111113113311333
 167321 1 313331133333131133111113111311133113333311133313313331333133
 167321 2 313313113331331111133313331313
 168271 1 333111133331131333111113311311133113313311133113111331331133
 168271 2 311311113331331113113113331111
 169511 1 111113331333331331313113113111131113333133133313313131131313
 169511 2 311311313113331131313113331333
 172311 1 333133111333331131311113113111131113113311133333311331131133
 172311 2 313311313333333111313111331313
 174501 1 333333331131133131111113333331131111113111133113313311331131
 174501 2 313111313311331111113113311313
 177161 1 333311133311131131131113311113133113113311131113113331333133
 177161 2 313111113331311113113113313311
 178501 1 333333333331313331113113311311131113113111133313313311133133
 178501 2 313111313311111111311113331333
 181541 1 131133113331331131111111111111131111311111131111311331333113
 181541 2 311311313131111113113111311133
 183261 1 133131113333331133111113311311131111333111133133313331113331
 183261 2 311111113331311111113313333333
 187521 1 333133313331311131311313311333111313311111131311311331333113
 187521 2 113311333133311131113113311333
 188231 1 133113311333331113313133111131131111111131331311313131111333
 188231 2 311111333333331113133113311313
 190491 1 133133113333331133311133111131131111313313133311313331313113
 190491 2 311311313333333113111113313333
 191231 1 333331333331131333111113311311133133313311133313313331331133
 191231 2 313311113331331113113313331313
 192201 1 133111333331133133131133311311131113333311133313313311111333
 192201 2 311311113331331111113313333111
 195241 1 333133313333333131311133313311131333333311133131313331313113
 195241 2 311111113331111113113313331333
 197181 1 131113113333313133313111311111131111333113111111311331333113
 197181 2 311111113133111113131133331333
 199531 1 111131133331331133111113111313131113313311133113311331333133
 199531 2 113311113331331113113113333333
 205531 1 133133333331331131113133113311131111313313133133313331333133
 205531 2 313311313111331111133313331313
 206291 1 331311131331331331111113111111131111333311133113311331333133
 206291 2 313311313311311111113313331133
 207321 1 333331333331331331311113311111131111313311133333311331333311
 207321 2 313111113331313113313313331313
 209481 1 133133113333313131131133111311331311331111133333311333133113
 209481 2 311311113331313113113113131333
 213491 1 331333133333331333313113311311131113313311133113313331313133
 213491 2 313111113333111111133311331313
 214271 1 333333133333333331313113111111131111113113333333313311131333
 214271 2 313311313333331111113313333313
 215241 1 333111111331333131311113111331131133311311113313311331333333
 215241 2 311311313331311113113133313333
 218611 1 333331133333331333313113311313131113313311133113311331333133
 218611 2 313311113331311111133113333331
 220231 1 131111113331333133111113311111131133311111133333311331133113
 220231 2 311111113311311113131333333333
 222471 1 131133133333331131331111111311111133313311131313311331331111
 222471 2 313311113131331113113113313333
 223481 1 131131133333331133313113311311131133331311111113111333333113
 223481 2 311111111133111113133313331333
 224491 1 131311111331131333113111311111131113313111131113311311113113
 224491 2 311111111131311111113311311333
 225221 1 131333131333331333111133111111133113113311133113333331111331
 225221 2 313313331331331111133313333313
 226191 1 333131111331131331131113311311133131113311133313311311131133
 226191 2 313311111331331111113311333133
 229481 1 131131113331331133311113311111131113311113133311311331133111
 229481 2 311111113331311111113311333311
 231231 1 331113113331331331311113111111131133311311113311311331311133
 231231 2 311111113311131111113111111113
 232211 1 333113133333331333111133111311131111331111133111313331333133
 232211 2 313111313331111113113113331333
 233481 1 333133113331331331111113311111131131111313133313311331113113
 233481 2 311111111331311111113111311333
 235211 1 333133133331331133111113311111131111311311133333313331313133
 235211 2 313111113331311111113311133313
 236171 1 133131133331331331131113311111131131313311133313311331111131
 236171 2 311111111311311111311313333311
 237481 1 133113113333333133313113113311131111311113111133311331113113
 237481 2 311111111313311113131311311333
 241481 1 131313133333331333313113311111131111333313131133333333133113
 241481 2 313311113333311113113311131333
 247541 1 333333333333131133113133111331131111313313131133313331313333
 247541 2 313311113133311113113113311313
 248261 1 333113133133333133313133313313331331313133331113311331113111
 248261 2 331333333133313333113113313333
 249241 1 133313133331331333311133311313331311311311133113313331113333
 249241 2 311311113333333111133113311313
 251511 1 133113313333331133313113313111131333311313131133111333313311
 251511 2 311311313133113113113113311333
 252261 1 133111113331331133113113111311131111313313131113313331313311
 252261 2 311111113111311113113113313333
 254471 1 133113313133333131313131111111331311311113111131113331333311
 254471 2 331111111133313113111313311333
 257471 1 133113113133331113331111311311131113331113111111133331313113
 257471 2 311111111133311113131111311133
 261481 1 333113111333333311113133113131131113311133131111111331113111
 261481 2 311311111113111111133113311331
 263261 1 133113313333331113113113313131133111131113131113333131333113
 263261 2 311311111333311111133313313333
 269471 1 333133333333333131313113111313331311313333133333313333333333
 269471 2 313311313333333111133313311333
 273211 1 333133113331331133111113311111131113313311131313313331333133
 273211 2 311111113131311111113313333133
 277531 1 133113113133333131311113113311111331313111133311111331333331
 277531 2 311311111333313111131111311333
 279161 1 133331133331131133311133313311131111333311131333331331313333
 279161 2 313111313331311111313313333333
 280471 1 131331133331331331311113111111131133313111133113313311133111
 280471 2 313311313331311111333313331333
 282221 1 133331133333333331313113311311131113311313133133313331111333
 282221 2 313311313331331111133313331313
 283201 1 333333333333333333113113311111131131313311133113313331113333
 283201 2 313113333331311113333313311313
 285471 1 311331331333331331313113113311131113313311133313333331113111
 285471 2 313311313333311111133333331313
 287261 1 113131131333313111311113133311311311133131133333311331131113
 287261 2 313333333311333131133113313313
 290531 1 133133133333331133111113311311131313313311133113313331313133
 290531 2 313311113331331111113313333333
 292201 1 333113313133331131111113311111331113311133131313313131333313
 292201 2 311111131131311113113313113333
 294481 1 133313331133331133113113111331131111331313133313313331313133
 294481 2 331311113333311111133113311333
 295211 1 133113113331331131113133311311131113313113111313313331331133
 295211 2 311111331131131113113313311333
 296171 1 133131333131333133313133311313133111333311131133313311311331
 296171 2 331313133131331111113313313333
 298491 1 333113133331331131113111311311131111311113131113113331331113
 298491 2 311111111131311113113111311133
 299191 1 133313333133331331113133111311311311113113131133313331111333
 299191 2 311111311131333111313113313311
 302481 1 131111113331331131313111111311131133311113111111111333333113
 302481 2 311311111133311113131111111333
 304241 1 333313311333333133311113311313111311313311131313313331131133
 304241 2 311311113111311111313333313333
 305211 1 331113133331131131111113311111131111313311131313313331311131
 305211 2 313311313133331111113331311311
 307481 1 331111113331331131111111111111131133311313113111331331113111
 307481 2 311111111333311113113113313133
 311201 1 333133113133333133311113313111131111331111131133113331313133
 311201 2 311311313133311113331111331333
 313461 1 133113311131131113113111111131331311331133111311113131311311
 313461 2 311111113133313111113111311133
 315461 1 133133113113311131113113113111111113311113133113311331111333
 315461 2 311311313131311111113113313311
 317191 1 333113311333333131313113113111331311313113131313111331311333
 317191 2 311313313133333113133313311333
 318181 1 333131331331331331131133311311331111333311133313313331113333
 318181 2 131333133333133111111331333313
 319461 1 133113311331311111313113113111111311311133131133311133131331
 319461 2 311311113133333333113113313313
 321181 1 333133133331331133313111311313131111333311131133313331331113
 321181 2 313311111111311113313313333313
 322461 1 131113111331333131133113111111131113311111133311313313313133
 322461 2 313311313311311113113113331333
 324461 1 333333113133333331111113111311131133311111111313313311313113
 324461 2 311111113111311111113111311133
 326221 1 331133111333333131113113313311133113331311133313313311111133
 326221 2 313111113331331113313313113311
 328471 1 133113113131331131311113311311131113311311131111113331313111
 328471 2 311311113131311113111313113133
 332461 1 131113113333313133133113311311131113311111133311313331333113
 332461 2 313111111133311113111113311333
 335461 1 133113113131311133113111111131131113311113111311311331333111
 335461 2 311311311131111113111111311131
 337231 1 113311113333133131311133111311133113313111131313313331131131
 337231 2 311311313131311111113111313333
 340521 1 313131133331333333111113111331131111313311131331113311131113
 340521 2 313311111131331111113313311333
 341221 1 131111113331331133113113311111131111113113111333313331111331
 341221 2 311311113111331111113113311333
 342161 1 333333333311311331111133311311131111313311131113113331333333
 342161 2 313111111131311113111133333133
 344511 1 131113113131311131111113111131111113313133131313113331333113
 344511 2 311111111131311111113111311133
 345471 1 133111111331133331333113311111131113311333131113311311113111
 345471 2 311311113111311113113111333313
 347211 1 333131313333331131111333313113133113113111131313311331133133
 347211 2 313311313133111111331313333311
 348201 1 133133133331131133311113311311131111333311133133313331133133
 348201 2 313111113331311111131313333333
 349471 1 113113111333131133331133111311131113331313131313311331113113
 349471 2 311311313131311113133313311333
 354491 1 333133333333331331311113311311131133333311133313313331333113
 354491 2 313111311331311113111313311331
 356451 1 333313333331333133311111111331111111311111131113313331333113
 356451 2 313111113331311111131111111333
 357211 1 133113133333331133111113311311131113313111133313311331113113
 357211 2 311111113331311111113333311313
 359461 1 331133111333331133113131311111131113313313133313331331111113
 359461 2 311313113331333133113313331331
 360241 1 313311331133133131313131113331311311333133131131113311113311
 360241 2 313111313133313131133113311313
 361201 1 113333131333333111113313111311133133133311131313331311133133
 361201 2 313311113311311111311111333131
 362451 1 313311131333331331111133311311133131333111133113113331113333
 362451 2 313111113331311111113333333333
 363441 1 133133313333331131333133113131331331331133111313311331333313
 363441 2 331311333133313133133113133133
 365201 1 313111313131331133113133311111111111313113131311313331311333
 365201 2 311111333133331113113313313131
 366171 1 333131113333333113331113311311131311313331133333313311311331
 366171 2 331311333311331113313333331313
 367441 1 333113313333333111333113111331131111331113131333313331333313
 367441 2 331311311131111113333133133333
 368191 1 333113113333331131111113311111331111333313131113311331313133
 368191 2 311111113111313113113311313133
 369161 1 331313113333333333333113113131131311333333133133311331333333
 369161 2 333313311333313133133333333333
 375461 1 333331331331333133311313311111131133333311133133311331333133
 375461 2 313313133311331113133313331333
 380431 1 131133131331331133113113111311111113333113111133111331133133
 380431 2 313311111113331113133311331313
 381171 1 313333333331131331131313311311131131133311131133311331111331
 381171 2 313311313133331111113313311313
 382431 1 331113113133333131313113111111131133311113111313111331311313
 382431 2 311311111113133113133113311331
 384431 1 133113313333333333311131313131333331331333133313311331313313
 384431 2 311313333313333333333113311313
 387491 1 113113313131313111313111111331311111311133131111111131313311
 387491 2 331111113133111113331113311333
 390441 1 331331113333331131313113111313131133313311133333313331113133
 390441 2 313311313331331111113311331333
 396461 1 111133113131311133111111111111111111111111111111311331331113
 396461 2 311111111131331111113113111133
 398431 1 331331133331331133111111311311131111311111133133313331331113
 398431 2 313111113331311111113313311333
 400181 1 333313331333331333311113311311133111313311131313333331131333
 400181 2 313111133131331113133113311313
 403511 1 331313133133333331311113111111131113313311131113313331331133
 403511 2 313111113111311113133113311311
 404181 1 133313113333131133311133311111133111313311113113313331313313
 404181 2 313311113333311113133333331313
 406581 1 111333331313313311333333333331313333111331133133311331331111
 406581 2 311311113333331113113111311333
 407191 1 331131113333331131111111311111131113331131111111313331333311
 407191 2 311311111133311111111113331133
 409451 1 111133133333331131313113131113131113311111133311313311331113
 409451 2 311313113313311333113113333333
 410181 1 333113333333331111313113111331131111311113131133313331113331
 410181 2 311311113133311111131113113313
 412421 1 133133313131333131313133311111331311333333111133113313313331
 412421 2 313311113113313113133133313333
 416471 1 133111111131131133111113311311131113313111131113113311133133
 416471 2 311111113111311111113311311313
 419471 1 331113113331331131111111111111111133311311133133311331133113
 419471 2 311111111311111113111311133131
 423451 1 111313331111113133111113111111131133311311133313311333333113
 423451 2 311311313311311113113313313133
 426421 1 331131111331331133113111311111131113311311113311111331131113
 426421 2 311311113331331113113313313133
 429441 1 113133113331333313131113111331131111333133131133311331331131
 429441 2 313111133131313111133313311333
 430441 1 333131131331131333311113113311131113313311111333313331111133
 430441 2 313311313133333111133313331333
 432221 1 311331331331131331111113111311131113333311131133113331133131
 432221 2 313311313131333111113333333311
 433211 1 333131113331331333311133313311131131333111133333311331133133
 433211 2 313111113333311113133113331311
 435441 1 333131111331333131311113111111131113333311131313113131131133
 435441 2 311311313111311113133113311333
 437421 1 333131131131333131311133111111111133113311131313313331131133
 437421 2 311311113131331111113313311313
 439171 1 133113133331331131311113311113331113333311131133111331111131
 439171 2 313313113333333111133333311313
 441421 1 133331133331331131111113111311111113113111131313313331111113
 441421 2 311311113131331111113113311313
 444441 1 333113311133331133133133111131311331111133311113111131313311
 444441 2 311311133133313131113113313333
 447171 1 333111133331331131111111311111131111311313131113313311313331
 447171 2 311111313131311111111113311333
 449431 1 133113131131333311313113111331131111133131131113113131113333
 449431 2 313311113133331111133113313313
 451221 1 133113111131331331311113111311131111331111131333313331131133
 451221 2 313313313133333111333113313313
 452441 1 131111111331331133113111111111131113313111113113311131133113
 452441 2 311111113331111113111113131133
 454441 1 133111113331311131131113111111131113311313113113313311333133
 454441 2 311111113331111111313311331333
 460461 1 133133313331331131111113111111111113331111131133313331333333
 460461 2 311111313131311111111313331333
 461211 1 133113331333131333311133113311331111133111131313313131111331
 461211 2 333311333111313113313133313313
 463451 1 333333333111113333331333133313313311133331333313333113113311
 463451 2 133331311313333333331331333131
 466411 1 331111113331331111311113111331111111313111133113313111111113
 466411 2 311311113331331113133113311333
 467431 1 133131113333333133111133311331131111313311113111111331313131
 467431 2 311111113311311111113111331333
 469431 1 131113313333331133331111111311131333313111113111111331313111
 469431 2 311311111333311131133111311333
 472451 1 331111113133331333113113111111131111313313111113113331333131
 472451 2 311311113133313113111113313333
 474431 1 331133131331331133111113111311131113113311133133311331333133
 474431 2 313311113331311113113313331333
 475161 1 113333333331131133111113311311131111313311131113313331113333
 475161 2 313111113131311111133313311333
 476421 1 331113133331331131111113311111133113313111133313311331133333
 476421 2 313311313331331113113313333133
 479421 1 331113133331331131111113311311133113313311133113311331333133
 479421 2 311311113331311113113313331133
 483471 1 133313331331333333313133113331111313313133331313333331133313
 483471 2 133131113133311131133333311313
 487371 1 131131131131331133111113111311131113313111131311113311113133
 487371 2 311111113111311111113111311133
 488471 1 133113133333331331111131313311331311333311113133311333333311
 488471 2 333311311331113111133111331133
 490191 1 133113113333333133313113313111131311311113131113313331331131
 490191 2 311113111131311111133113311313
 491171 1 133333333333331331111113311311133111313111131313313311313333
 491171 2 313111313111311111133313331313
 492451 1 333113313133333113333133113111311311331133131113313331333313
 492451 2 331111113113313131113113111333
 494441 1 131133133331311333111113111311111113113111131333113331333113
 494441 2 313311113131311113133111111313
 501451 1 133131133331333133113133111111111113311133111113313331333113
 501451 2 311111113131313111113113331113
 503361 1 333311333333331131113133111111111111333111111133113331313133
 503361 2 313311113113311113133313311333
 504171 1 333133333331131131311313311111133113311311313111313331333313
 504171 2 331311313331311133133313311333
 505661 1 333333333333333133113133113331111113311311133333311331133111
 505661 2 311313113333311111133313333333
 507441 1 333133113331333133313113113111131111311111133313313311311133
 507441 2 313311113331331111113111331331
 510431 1 333133333333333133313133311311131113331111131113113331313313
 510431 2 311311113113311113133313313333
 513471 1 133131313333331133111113111311131313313313133133313331311331
 513471 2 313311113331331111133313311113
 518441 1 333111313333331131313111313311131113311311333313313331333333
 518441 2 313113313333333111133311331333
 520201 1 333313131331331331311113111311131111313111133113313331331113
 520201 2 313311331331331111133333313333
 521161 1 333131133331131333111133311311133113313311133313313311331133
 521161 2 313111113311331111113311333333
 523391 1 333311131331311111313113111131131111313331133311313331133333
 523391 2 311311313311311113113113313313
 525421 1 333131133331133331111113113311111111313311131313313131133133
 525421 2 313111113331311111113111311313
 527421 1 133333133331133333311113311311111311313111133113313331331133
 527421 2 313111133331313111113111331333
 529401 1 133133113131311113313111111131131113313113131113311331333111
 529401 2 311111113131311113133113111331
 531441 1 333331131133333131111133111311111113333111131113111331133331
 531441 2 313311113131331113333113313333
 533421 1 333131113331331131111113311111131113311311111111311311133111
 533421 2 311111113131311113113111113113
 535411 1 131133133331333133111113111111131113311311111111313331133113
 535411 2 311111113331331113313311311333
 537411 1 333113113333333131313111111131131113331313111113313331333113
 537411 2 311111313113311113131113311333
 539411 1 333113113133333133333131313131331111331133111313111331313311
 539411 2 311111113113311131131113311333
 542401 1 131113133131331133113113311111131131313113131111311331313113
 542401 2 311111113131331113113313311113
 546401 1 133113313133333133313133111311133311313333133133113331113331
 546401 2 331111113133331111133313311331
 548161 1 313311331113133131313333311333333113113133133313113333111333
 548161 2 333111333313331331333333311311
 550381 1 133311333131311133113111111311111111311133131113113131333133
 550381 2 313111113111311111113113331333
 551161 1 113113331133331133333133311331131111111113111313113333113133
 551161 2 311313111133331111111311311113
 553391 1 133333331331333333311133111313131113313311131133311313131133
 553391 2 313311313131331111133113313313
 554161 1 333131311333331131311133111111131111133113131313311331113311
 554161 2 311113311113311311133113311333
 555401 1 333313133131331331111113111311131111313311133313313331311133
 555401 2 313311113331331113113113311333
 557401 1 333111133131333333113113111311131111313113111113313311111131
 557401 2 311111133131331111113113311313
 560381 1 133113133131331133111113111131131311313111131131113333311113
 560381 2 311111111131311111113111311333
 561201 1 133331333333333331313133113311111311333313131113313331313333
 561201 2 313311133133311111133113313313
 566401 1 131111113331331133331111111111131113111113111131111331113111
 566401 2 311311113131311111133111311333
 568391 1 311113111131331131113113111331131113311113111111311331331131
 568391 2 311111113131331111113113311133
 570161 1 333113113311331131111111311313131131313311113113331331333133
 570161 2 311111311331111113113113133131
 572411 1 333113113331331133313113111111111113311113111333113331113113
 572411 2 311311113131311113113333313313
 574411 1 331333331333331333313113111311111113333313131333113331133331
 574411 2 313311313131311113313113313333
 575421 1 133131333331133133111133311311111133313111131313313331133113
 575421 2 313311113331311113133313311313
 577421 1 133131133331331131111113311311131131133311333313313331131113
 577421 2 311311311331331111113313331333
 579391 1 133113333333331333111133113311131113313111133113311331313331
 579391 2 333311113333311113113313331133
 581391 1 131133133333331133333113311311131133311311133113311331333331
 581391 2 311111133331331113113313331313
 584161 1 331333113333331131311133311113131333313311133333331333113131
 584161 2 313313111333311113113313331333
 586401 1 111133113331331133111113311311113133313311133313311331133133
 586401 2 111313113331311111113313331133
 588401 1 133133313331331133311133111111131131333311133131311333131313
 588401 2 331313133331311111133313331333
 591171 1 113131113333131333131113311311131111311311133311313131313333
 591171 2 313111113331311113113313331131
 593401 1 333313331333331131313133311111111111113313331333111333113333
 593401 2 331311333133311331133113311333
 594401 1 133313313331331313311133311311111133333311131333111331133333
 594401 2 313111313313311111113313313333
 595391 1 331131133333331133113113111111131113333311133313311331313133
 595391 2 313311313331311111313313331313
 597391 1 133111133331331131111113111111131113313311113313111131331113
 597391 2 311311113333331111113113333333
 599451 1 133113333331331133113133111311133113333133131333311311313311
 599451 2 311111313131313111133113333313
 601421 1 133333333331131331311113111131133113333311133113313331331331
 601421 2 313311133333331113133113333313
 604391 1 131133113331331131111113111311131133313311133111311331313333
 604391 2 311311313331311113111111131133
 606451 1 331113313133131131131113111311131113333333133133131331333133
 606451 2 311311113311311113133313313313
 608201 1 333111313333331131313133113113111311333113111113311331313313
 608201 2 311333133133113333131113111333
 609361 1 133113113333331133313111113111111131333113111131311331313113
 609361 2 311111113131111113113113311333
 611431 1 333111333131331133111133111131111133313313133311311131333333
 611431 2 313311133331311113313113311333
 612161 1 333113311333333313313113313113133111333111133113313131311133
 612161 2 313111133333131111133113333313
 614491 1 113113133333333111313113111311131111113111133313311331311111
 614491 2 113111333333311111113111313333
 615201 1 333113131333133133111133111331131113113111133313311331111333
 615201 2 333311113331131113113133333333
 618441 1 133113333333333131313131111111131113311111131113313331313311
 618441 2 311111113133313113133333111333
 621391 1 333311111331333311113133111111131113313113131113311331313131
 621391 2 311111113133311111313111311333
 623391 1 331111111333331313111133113111111113313111133333311331313111
 623391 2 311311111111111113113313311333
 625181 1 131331131311131331133113311311131113113311133313113311333133
 625181 2 313311313113311111313333333131
 626391 1 133133113331331333113111111111131113311113313113311331333113
 626391 2 311111311331331111113111311333
 628391 1 331131113331331131131111311111131133113311133311311311331113
 628391 2 311311113331131111113313131133
 629201 1 113133133333331131311333313111331311313311133133313331133131
 629201 2 333113113333333111133313313313
 632431 1 133133113333331133311111311311131111331311113133311331333113
 632431 2 311311313333311113133333131333
 636381 1 131113111331331131111111111111131111111113131113313331113133
 636381 2 311111113131311113133113311333
 638381 1 131131113331331133133113311311131113313311131113313331113131
 638381 2 311311313133311111113333331333
 641421 1 333131333333133133313133113313131311113311133133313331131331
 641421 2 333311331333331111133113313313
 643391 1 133111133131331113113113111331131113313113131113113331131111
 643391 2 313311131131331111133111311333
 645371 1 333113133331333133133113311311131111311313131113313331131133
 645371 2 311311113331311111113311311333
 647391 1 333113333131333113313113111131131111113113131113313131331111
 647391 2 313311111131311111113113311311
 649401 1 333111331333311111113131111131311113111133131333113131311313
 649401 2 311111313133133113133113311333
 651411 1 313131133333331111313113111311131113313111133313311331131111
 651411 2 313311113331311111113131311333
 652391 1 333313333133333131311133111331111311313331133133113331313313
 652391 2 311311311133313113133113131311
 654391 1 133313333133131333313133313131111311313133131133113333313313
 654391 2 331311133133313133133113311313
 657401 1 313113313333333133133131311111131133331111113313313331333333
 657401 2 311111313331311113113311133333
 659381 1 133331333331331333113113111111111111311111131113313311331113
 659381 2 311311111131331111113113331333
 661391 1 333111333333331133331133113111131111313113131133313331133333
 661391 2 331311313131311111113111333331
 662171 1 333331131333131333113133311311133113113313133313313311113333
 662171 2 333311313311311111113113333133
 664451 1 133311131331331331113133111311133113113113131313313311133133
 664451 2 133111313311331111313113313113
 665171 1 133333133333333333311113111311131311333311131113313331113311
 665171 2 331111113113313313133133333311
 666391 1 133113133333331131311133311111131111333313113333313331133133
 666391 2 313313113331331113113313311333
 668381 1 133133333333333313313133111311131313333111133333313331133333
 668381 2 333311133333331111133313333313
 671391 1 113113333133113313313133113331331311313113131133113133113131
 671391 2 311311111133333131131111311313
 673391 1 333311113333331133113133111111131133113311113133331331113133
 673391 2 313311331131311113133113311313
 676191 1 113131113333331331311113311131133113313313133313133331133133
 676191 2 311131333331331111133313331333
 680191 1 333333313333131333311133311311133311333331133133313333313333
 680191 2 313313333333333133333313331311
 681381 1 333111131331131333111113111311131133313111131313311331313133
 681381 2 311311113131111111113313311313
 683381 1 133111113133331133113113111311111133313113131111313331333133
 683381 2 311111113131311113113111311133
 686401 1 333331133331331131111113311311131113333311133333313331131333
 686401 2 313311113311333113113313331311
 688401 1 333133113331133131111133111131131113131111133113313331131331
 688401 2 311311113331311113113111311333
 690391 1 133111133131131331111113111311111111113111131333113311111131
 690391 2 313111111131331111113111311313
 693361 1 133331133333131133111113311311131113313311133113313331313333
 693361 2 313313113331311111133313331313
 695381 1 333131131331131133111113311111131113313311113113313331333133
 695381 2 311311111331111111113313331333
 696391 1 133111131331331131113133111311131331113111133313113331333313
 696391 2 311311113331331111113313333333
 698391 1 333111311333331131111113111311131113313311133313113331133333
 698391 2 311311113331331111113313313333
 700181 1 133331331333331331111133313311331311313311333333313333131333
 700181 2 313313333331333111333313313313
 702451 1 133113113333333133313133113111331311333333111131111331113333
 702451 2 311311313111113113113133313333
 703221 1 113113313331131131113113311311133111313113131113311331133311
 703221 2 311113313111311113113313313313
 704191 1 333113313333333333131333311311131111131313113313113311333331
 704191 2 331311311311111113313113313133
 707191 1 333313313333333333331133313311131311313311333313313331113333
 707191 2 311313133311311111133133313333
 708391 1 133111133331333133111133111311131111311311331131111331333333
 708391 2 311111113331311113113113333133
 712391 1 133113313333333111313133111331131113331113331311111131133133
 712391 2 311111313133311113133113133333
 714181 1 333331133333331333311133311311131113313311131313313331311133
 714181 2 313313113131331113133113311313
 716381 1 331113113331331133113111111111131133331313133331313331313131
 716381 2 311311111131311113113333333333
 719381 1 113333313331331331311113313313111111333131133113313331133133
 719381 2 313311313331313111313333313333
 721411 1 133311333133133333313133113111131313331133111331111333313313
 721411 2 333313133131313131133113311313
 723381 1 133113313133333311313133113111331331331133111131111133113311
 723381 2 331311333133113131131111311333
 725381 1 133113113333333113333111113131131133311133131113111131333111
 725381 2 311311113133111113131111111133
 728401 1 133133113331331133311111111111131111313111133111311331333113
 728401 2 311311113331311113113311131313
 730411 1 311133113333333133111113311111131111311311133131313331311133
 730411 2 311313111331331113113311133133
 731161 1 133113313133331133313133111311133111333111131133313331313133
 731161 2 331311133133313113113113311313
 732381 1 313111133133333333313333111311331113313133131311313131133311
 732381 2 113311113131313111131113311313
 735381 1 331331133131133133113313113311111111113111131113313333133313
 735381 2 111311313131311131131113311313
 738381 1 133333333331333133113113111311131113333113131133313331131133
 738381 2 311111113131331111313113311313
 740381 1 133113113331333133131113311111131113311111131133311331113111
 740381 2 311311311111311113113133311333
 742381 1 133331113331331333111113111311131111333313131133313331313331
 742381 2 313111113133311111113313313313
 744381 1 133313333333111331113113111111131111313111131313313331113333
 744381 2 313111313133311111313313313313
 748501 1 333113113131313131313133113111331331131131111331311331131111
 748501 2 311311311133333111133113311333
 750441 1 133111113331331113113113111331111131113133111313313311113133
 750441 2 313111113113333111133113311333
 751391 1 333333331333331131311113311313131313313311133133313331113133
 751391 2 311311113331313111133113331313
 753391 1 133133333333333131111133111311131111113111333113311333331333
 753391 2 333311333333333111113113331313
 756161 1 133133333333333133111133311311133131333311133313311331113333
 756161 2 313311113311311111313133333313
 757391 1 111333131331331131331113111311131113113311133133313331331133
 757391 2 313311311331331113113311331313
 758391 1 333331131333133131111133313331331331111111133333311331131133
 758391 2 313311313333333111113113311333
 761401 1 133113113133331111133111111131131131311113111111111131113113
 761401 2 311111111131111113131313113133
 762181 1 111311331113311311333331133333311331133331333311131113311333
 762181 2 133333331113133331133131113311
 764401 1 111333333111111311133331333313313333133331313133131313331331
 764401 2 133333331313133333331331133131
 766381 1 133111313131331111313111111333111311113133131333313133111313
 766381 2 311331313133331111113111311333
 768381 1 333131133333331131311131311311111133313113131313313331131113
 768381 2 311311313333331111113313331333
 770481 1 133111113131331133311113311311131311333311133113313331133133
 770481 2 333111113333313113113313311333
 772421 1 133111113333333333313133113331331313333313133333313333313333
 772421 2 333313313133313333131113133333
 774381 1 133113113131313131113133111111111311131133111111111311313113
 774381 2 311111113131111113113113311133
 776381 1 113133313333331131113113111111111111311113131133111333331133
 776381 2 311111113133313113113313313313
 778371 1 333333133331331333113113111333131131313111133133113331331113
 778371 2 313311113131311111133113311313
 780371 1 133133133331331131311111111311131111331111131133313331313113
 780371 2 311311113111331111133311331313
 782371 1 131111113333331133313113311111131111333311131113113331313133
 782371 2 311111113113313113113113113133
 784371 1 133111133333133333333333111331131111311113131313313311133311
 784371 2 333311113111311113131333313333
 787371 1 333113113333331131111111111131131111313313131131313331333111
 787371 2 331311311131311113113111333133
 789371 1 331331113333331333311111113111131313333311113131113331331311
 789371 2 333313133333313113133313331333
 792391 1 133113113333331131111113311111131113311111111111113331333113
 792391 2 311111113113311113133111311313
 795381 1 133131133331331133133113111311131113311311113113311133133111
 795381 2 313111113311313111313113331331
 796371 1 331113133331311133333113311311131111313113131113111331113111
 796371 2 311311111111111111113313313333
 798371 1 331313333131311331333133313111131113313133131113311331313311
 798371 2 313311311113113111131311311333
 801441 1 333133113333331133311131313333311311311311111111313313313331
 801441 2 311131111333313331133113313333
 802421 1 131311111111333313111311131131133131113111313131131111311111
 802421 2 313311311311131111313133313111
 803371 1 333113313333333131311113113111131111333133131333311331313311
 803371 2 311311313133333113133313313333
 805371 1 133113113133333131313131113131111311311133111333331131313113
 805371 2 331311333131333111133113313333
   2590 1 131113313331331133333111111111131133331111111111311331333111
   2590 2 311111111133111113133133313133
   3290 1 131131113331331133111113311311131113333111131311313331111133
   3290 2 311111111131331113113313311113
   6550 1 333113313333331133313131113331331113333311131311313331313313
   6550 2 311111311133333131133313331313
   7270 1 333111333333331133111113311111131113311311133313113331113313
   7270 2 311111111131311111133113311333
   9560 1 131113111331131133113133113331131133331131131113311333313113
   9560 2 311313133131311111113111333133
  11270 1 313111113331331131111111311311111113133111311113113331111333
  11270 2 311311111131111111133313331333
  13240 1 333113131331131131313133111111131111113111133313311331111311
  13240 2 331111313331311111133313333313
  14560 1 131113131331331133113113311311131113331131131113311331313311
  14560 2 311311113131311111113113311333
  19240 1 133131313333331131311133311111131113331111113333113311311333
  19240 2 311313133333331113133313333133
  20560 1 111113313333331133111111111311311133331133131131311333313113
  20560 2 311311113133313111113133313133
  22240 1 333133333333331131113113311111131113331111131113313331313133
  22240 2 311311313313313113113313333333
  24560 1 333113313131331133313133111131131113333113111113111331313313
  24560 2 311311111133311113133133111133
  25260 1 133111313333311131313131111311113313333113131313113331111313
  25260 2 311111131133311111313113311313
  26250 1 133131113331331133113111111311131133331113131113311331133111
  26250 2 311311111131311111113313331333
  28560 1 133113113331331133313133111131131113311113111111113331113113
  28560 2 311111113133111111113113311333
  31250 1 333133313331311133311133111111131331133111331133311331131313
  31250 2 331313331133333111313313311331
  32190 1 333333333331333133311133313313131111313311133113313331111331
  32190 2 313313133333311111333313331333
  34320 1 133133111331131333131111311311131113313311133133113331113113
  34320 2 311111313311311111113133331113
  35240 1 333131113331331133111113311311131113313111131113313331131333
  35240 2 311111113131331111313113311313
  36550 1 131133313331331133113111311111131133311113111111113331333311
  36550 2 311111311131311113111111311133
  37320 1 331133113331331133111111311111131113311311133313313331331133
  37320 2 311311313331331113113113333133
  38550 1 133113313133313131113133113111111311313113133133313331133133
  38550 2 333311111133311111111311311313
  41310 1 113113333331133113313133113331131113313113131333313331111131
  41310 2 313111113131311111113113311333
  42290 1 133111331333131331313133113311331311113313131113313333111131
  42290 2 113311131133313111133113311313
  44550 1 133113313333313331313113113311131311313113131113313331313333
  44550 2 311111111133311111131313331313
  47250 1 333331333333131331311113311311131111133311133113113331133131
  47250 2 313111331333311111131313331313
  50530 1 313131313333333131311133311311131311333331131113313333311113
  50530 2 313311111133331111113113311333
  51280 1 333133313333333131311113311313331331131311133133313331111333
  51280 2 331311133333333113133313131313
  52240 1 333311333333331331111113311311111111133111333113113331311133
  52240 2 311313331313331113113313311333
  54400 1 333131313331333133311111113311131113311311133131313331333113
  54400 2 311111131331311113113113331333
  55550 1 131113113333331131113131313311131111331313133111331331333113
  55550 2 331311313333311133131113113333
  56290 1 333133313333333131311131313111131131331311133331311333313113
  56290 2 331111313333313113113113311331
  57230 1 131111113333331131111133311311131311331113131113313331333133
  57230 2 331111113133311111133113311333
  58260 1 111311111111113111133311133333313333131133311311131113111313
  58260 2 131133311111113333331131113131
  59210 1 133133313333333133311133111311131111313311131313313333333331
  59210 2 311311113333311111113313331313
  60170 1 133133133333331133313131311111131111311311113113313331133333
  60170 2 311111133333311113133313333333
  61540 1 113313311113113313331331331133113133133133311331131133131331
  61540 2 133133313113113333331331113311
  62270 1 133111313333331131313111113111311311333111131113111331111131
  62270 2 311311331133333111133313333333
  64540 1 333133313333311131333113113131111311313111131113111331113113
  64540 2 333311133133331111133113311313
  65330 1 333133331331331133111113111311131113313311133113313331133113
  65330 2 311311113333311113131313331333
  67540 1 333133333331133333311133311311131113313311133113311331313313
  67540 2 311111311131313113131113311313
  69230 1 333111133311131331111133111311131111313311131313313311111313
  69230 2 313313131331311111113113311313
  71540 1 133113313131111131313131313111131111313133131113311331313311
  71540 2 331111131133313131133113311333
  72300 1 333333133333131331113113313311131311313111111313113331113133
  72300 2 313111333313311111113313331333
  74250 1 133133133333333311311133313331331311333331333133311133313313
  74250 2 133311331133313131133113331313
  75540 1 131133113331331133133111111311131133311311133113111331113133
  75540 2 311313113333311111131313331333
  78270 1 131333333333331333311113111311131133313311131133313331113333
  78270 2 333111133333311111313113333313
  79540 1 333131113331311133311113113311131113311111131113313331113113
  79540 2 311111111133311111133113331313
  82240 1 133131331333333131311113311311131311133311333133313331113313
  82240 2 311311311311311113133313133333
  83540 1 131113113133333111313113113331111111111113111113113333133313
  83540 2 311311131333311113131311311333
  85250 1 133113313133313133313133113331111311333133131133113133313333
  85250 2 331111331133313131133333313313
  86540 1 131133113333333133111111311311131133331111111311311333333113
  86540 2 311113113133331113111313331333
  87330 1 113313133133313313113133111311311311333133331133113331313333
  87330 2 313111131131313111113313311313
  88280 1 333133313331313133313111311311131331333313131111313331333133
  88280 2 311113113133311111133313311313
  89540 1 133133113331131131113111111111131113311311111111113333311113
  89540 2 311111111131311111113113311333
  91250 1 133111113333311111313113111131111131133113111113113331113111
  91250 2 313113113131111111133113313313
  93540 1 133113113331331131113113111111131111311113111113311331313113
  93540 2 311111111131311113113113311333
  96280 1 133111113331331331131113311311131113331313133113313311113113
  96280 2 311111313331311113113313333333
  97220 1 313131333333333333111113311111131111313311111113313331313133
  97220 2 313113113331331113113333333333
  98530 1 111133311333331333311133113331131333333111133333311333313333
  98530 2 331311133333313111131113131313
 100230 1 333113313331331133313113311111131113313313111133311331331131
 100230 2 311311113133311111133113311333
 104510 1 313133313133313131311113111311111111331111131133313331133313
 104510 2 311111311131311111133313113313
 106160 1 113133331331333131111131331311131111313311333313313331133333
 106160 2 113311331331331111133313331133
 108560 1 133133313333331133311131313311131311311111111111111331311311
 108560 2 331111111133311131133313311313
 111520 1 333113313131311131333111111131131113331313131111111331133113
 111520 2 311311111133131113133113311333
 112280 1 333111113331331133113111311111131133331313111111131331313111
 112280 2 311111111111311113113333311333
 113230 1 333131133331133133311113311311131113313311133313113331331133
 113230 2 313311113331311111113313131333
 116520 1 331331133333331133113113111311131331311311133133313331313133
 116520 2 311311113333311113131313333333
 120540 1 133133113333333131311111311111131113331311133113313333313331
 120540 2 311311113333313111133313331333
 122530 1 131113313333331131313111111311331111331133133111113333313313
 122530 2 311111311313113111113313311333
 124530 1 131113113333331133133111111331131111331113131131111331313311
 124530 2 311111111111113113111313311333
 128500 1 333131333333111331311111113113131113111311131113113331131313
 128500 2 111311111131331111133311311313
 130180 1 133133133333333333113133311311131131331333133133111333133111
 130180 2 331111113331331313313333331133
 131160 1 133133331333333133111113311313111311333311133113313333133133
 131160 2 311313111333331133113313333313
 133510 1 331313133333331333113113113313131311313311133333113331111133
 133510 2 313111111333311111113113311313
 136160 1 133113331333333131313133111311131111113113131133313331111131
 136160 2 331113133113311111133313313313
 137520 1 333133313333331333311113113311331311331311133133113331113133
 137520 2 311111113331313113133313331313
 138320 1 333331133331331133111111311311131113313311313313313311331113
 138320 2 313111313331331113113313133333
 139260 1 133133313333333333111113313311331311331111133333313331111313
 139260 2 333111313311313111113313333333
 140520 1 331133313331331133313113313311131111313311133133111331111133
 140520 2 311311113333313111133313331313
 142290 1 333111133133311313113113111331131111313133131113113113111133
 142290 2 313311113133313111113113311313
 143260 1 333133131333333131313133113331131113313311131113113331111333
 143260 2 311311113133331111113113311333
 144520 1 113133313333331133313131313311331313331331133313333333333113
 144520 2 311313131333313111131313333313
 146520 1 133133313333333131313133313111331311331131113133311333333331
 146520 2 331113313333313111133313333333
 148260 1 333133133333333131311111113313131331331311333113311333331331
 148260 2 311313313333313111333313331333
 150400 1 333113313333331133313131113111331331131111113131111331111111
 150400 2 311311313133133133133113311333
 151190 1 133113333333331133313133311111131111333331133133313333313333
 151190 2 311313111313331113133313333333
 153510 1 333133313333333131311113313111331311331113113111111331113113
 153510 2 311111313113313113131313131313
 155220 1 333133313333333131313133311333131311313311133113313331313313
 155220 2 333313313331313111133313333333
 156510 1 113133313333313133313133311331131113331113131111113331313313
 156510 2 311311113113313111131313331333
 159510 1 331113113333311133133111311131131111111113111111111131113113
 159510 2 311111111113111111111313111133
 163510 1 333113333333331133133131111111131131313313113111111331333133
 163510 2 313313111133111113131313311333
 164200 1 113133113331333131111131311111131131331311133313311331133113
 164200 2 311111111331311111131313133333
 170510 1 113133331333311131313113111313131111333111131113113333131133
 170510 2 113111133131331111133113331333
 171320 1 333131133333333131311113311313131111313311133313313331333333
 171320 2 313313333333333113133313331333
 173260 1 333131331331333133311113313311131113313311133313313331331133
 173260 2 311313133313313111133313331311
 175440 1 333313311333331331311111311311131111113111131313113333131113
 175440 2 313311133331331131133313331333
 176190 1 133313333333133331311133313311131111113111133113313331113111
 176190 2 313111333333311111113113331313
 179400 1 331113133333331133111113111111131113311111131113333331133133
 179400 2 311311113131311111111313311113
 180500 1 313113333333331133311133111111331311331133133133113333313313
 180500 2 331311311333333133313333333333
 182320 1 131133311333331333313133113331131313313313131113113333113311
 182320 2 311313133131313113113113311333
 184240 1 133111311333131333333131313311131113333133131133313331113331
 184240 2 311113133133313113133313313313
 185230 1 133133313333331133331133313311331311331131131131311331113311
 185230 2 311311111133313113133313311133
 186490 1 131113113333331133333113311111131113311313131113113333313311
 186490 2 311111113133311113133113313313
 189490 1 133113311133311111111111111311131133311313131311133133331333
 189490 2 311111111133111113113311311333
 194500 1 133133113333313111313133113131131311331111111133311331313111
 194500 2 331311111331313111333111331313
 196210 1 133133313333333131313113311331331313311311133133113331313333
 196210 2 311111313331313111133313311333
 198500 1 133113313333313133313131113131311313111113311133133113333313
 198500 2 311313111113311133133113333313
 200200 1 333333313333133133311133311111131113311311133313113333331131
 200200 2 311311133331331111113313331313
 201180 1 333133333333333133311131313311131311311311133113311331313331
 201180 2 311311311333331113131313333333
 202480 1 111113111333311113113113111131131113333113131313313331113131
 202480 2 311111313131311113131313333313
 203210 1 133111331333333131333113311111131133313311131313311331313131
 203210 2 311111113133311111331313331333
 204480 1 111113113131133131113111111311131113333133131113113331313331
 204480 2 311111113131311111113113311313
 208220 1 133133313333333131311113311311331311333333133333313333313313
 208220 2 331311313133313133133313331333
 210460 1 133133313333333333311131131311131311333111131333313331333331
 210460 2 333111113133331111133111333313
 211200 1 313133133331333131311113331111131111331311131333113331331111
 211200 2 311313133313331111133313333313
 212480 1 131313313333331131313131311111331331331113113133311333333311
 212480 2 331311133333113133131311331333
 216170 1 133333133333331331311133311111331331331111131113311331113333
 216170 2 311313133333313133133313331333
 217500 1 311113113333331111313113313113311133313133113113111331111111
 217500 2 311313111333111111133313313313
 219220 1 233313333333333313331311111311113131333311113313311333133113
 219220 2 331331311133333111113311331133
 221500 1 331133113331331131331113311311111133311311113111313331111113
 221500 2 311313113331313111133311133331
 227170 1 333333333331333133131131311311131131333311133113311331331313
 227170 2 311311111313311113133313331313
 228480 1 133131333331331331311113311311131113333311133133311331333313
 228480 2 313311131333311113133313333333
 230430 1 333133113331331131331111111111131133311311111111311331113113
 230430 2 311311111111313113111311131133
 234440 1 333331333333331131313113313311131131333111133133311331311313
 234440 2 313313113133313111113313331333
 238470 1 133133333333333133313133113131331331331333111133111331113311
 238470 2 331311111133313113131311311333
 239240 1 133133333333313333313113113311131331333133131113313331313333
 239240 2 331111131133311111133313313313
 240160 1 333111313333331131313113311111131311331313133113313331113311
 240160 2 311113111131313111131313333313
 242480 1 331133111333331131111113111111131111113111131111113331113111
 242480 2 311311111131311111131113311333
 243240 1 131113113333331131313113111111131113311113133133313331331311
 243240 2 311311111331331111131313331333
 244220 1 331333113331333333311113311311131113313331131113113331133111
 244220 2 311311111131311111131313311313
 245220 1 133113113131331331313113311311131113331111131113313331113131
 245220 2 313111111131311113111113311333
 246480 1 333113311333331133313113113111131311311313111111113331313113
 246480 2 311311111113313111113311331313
 250480 1 333113313133331133333111311311331113331311111111113331313313
 250480 2 311111113133111113131313311333
 253230 1 111311313333331133313131313111131111313333111133313331333311
 253230 2 313311111113311111133313311313
 255430 1 331111113133311131313111111331131113331111131113311331311313
 255430 2 311311111111331111113113311313
 258450 1 133133333333331133333313333311331331331133131133111331313313
 258450 2 311111111133313111133311311333
 259190 1 113133333333331131311113311113131113313111133313313331331333
 259190 2 313311113331331111313313333313
 260470 1 111113313333133131313111111111131311311113131133111333113311
 260470 2 311311313133311111131113311313
 262270 1 331113313333331131313113111311131113313113111313313331111111
 262270 2 311311111133313111133113311333
 264180 1 133133313333331133313113111311131111331111111331111331333111
 264180 2 311311111113313113133113313333
 265470 1 333133113333333131313111311111131113313111131131113331113313
 265470 2 311111111111311111131313331333
 266510 1 333113113333331333113113311311131111331313131313113333333111
 266510 2 331311311131111111311111113133
 267240 1 131113313133331131113111111131131111311113131311113331113331
 267240 2 311111113131111111131113311333
 268470 1 133111313331331131311111311111131113311311111111111331313313
 268470 2 311111113111311111133313311313
 270210 1 333313333331331331311113313111131133311311131113311331313333
 270210 2 311311133111331113133313311331
 271180 1 333113113333131133311133311311131113313311131311313331311133
 271180 2 333313113131331113133313313313
 272470 1 133111313131311133313113113311131111313313111111113331311311
 272470 2 311311133133331111133113311313
 274490 1 131113113331331131113111111311111131311113111111111331333133
 274490 2 311111113113111113113313311331
 275190 1 331131113331331131111113311311131133311311111111311331111113
 275190 2 311311113131331113113311311333
 276480 1 331111313331331131311111311311131131111111111111111333313113
 276480 2 311311111131313113111111111333
 278210 1 333113313333333133333113111311131311331313131113113331113111
 278210 2 311311133133311131113113313313
 281450 1 133311333333333133313133313131111113311133131313313331313311
 281450 2 311113113131311313133113331331
 284170 1 333113333331331133313113311111131113331113133113313331111333
 284170 2 313111111331331111133313313333
 286460 1 133133111331331131111113111111111113311113111313113331311111
 286460 2 311111111131111111113313331113
 288210 1 113131313331331133113113113331131113313311131313113331113311
 288210 2 311311313133311111113113333333
 289470 1 131133131331331331111113111311131113311111133113313331133133
 289470 2 313111111331311111113313331313
 291260 1 133133313333331331133113111111131111333113131133313331333131
 291260 2 311111111333311113113313331333
 293470 1 331133111331331131111113111311131111311111133111313331313113
 293470 2 311111113131111111131111311313
 297460 1 331131113333331133331111111311131111313111111131113333311331
 297460 2 311311113131331113131333311333
 300160 1 333131133333331131131133313311133111331311131113313333111333
 300160 2 311111131133331111113313333333
 301460 1 331131113333331133111111111331131111333111113131113331333111
 301460 2 311313111331331111113313311333
 303470 1 113133333133313131313133113311311311333333131113113333313311
 303470 2 333331133133333333133113313333
 306170 1 333333333331331331311133311311131311313311333113313331313331
 306170 2 313111311131331111113313333333
 308230 1 333333331331331331313113311313131133313113131113311331313313
 308230 2 313311133111331113113313331311
 309460 1 131133313333331133311131111311131113331111111113111331113111
 309460 2 311311313133311113111111131313
 310260 1 113133313331333331311333311111131311311111333133313331333333
 310260 2 333111333311313113131313331313
 312460 1 331113113333333133331111311111111113331313111111111331313113
 312460 2 311111113133111113131111311333
 314170 1 133113333133333133311131313311131113333311131313311331313331
 314170 2 311113111133331113133313311333
 316420 1 133111113333331133311111311111331111331313133131313331313313
 316420 2 311311111333113133111113313133
 320400 1 333131113333331133111113111111131113313111133113313333333113
 320400 2 331131311333331311311331333333
 323380 1 133133113331333331311133111311131111311311131133111331333111
 323380 2 311111333133311111111313331333
 325420 1 333113313333331133113111111331131131331113111113311333313113
 325420 2 311311113131113113113313313333
 327460 1 133113113333311331311131111311331311333131131113313331113333
 327460 2 331311131133313111133133311333
 329200 1 333331333333331331311133311311131111333311131313313331313333
 329200 2 313311333111311111113313331333
 330460 1 333131311331333331311113111311131113313311131313313331113133
 330460 2 311111113131311111311313313313
 331190 1 333113113331331131313111111111311113333113111111311331311133
 331190 2 311111111113311113113113311333
 333400 1 131133313333331133113111311311131111313311133113313331113133
 333400 2 311311111131311113113311331333
 334170 1 133333133333311133313133111311131111311113111113313331333333
 334170 2 333311311133311111111133311333
 336450 1 133133313331331331311113311311131113313111133113113331133131
 336450 2 311111111333111111113113331333
 338180 1 331133313333331331313111311111131111311311133113313331333111
 338180 2 311111111331311113131113333333
 339450 1 113133113333333113113113111131131113311133111111113331113311
 339450 2 311111111133313111131113331313
 343450 1 111131113331333133113131111311131113311111113131113331113133
 343450 2 311111111331311111113113333333
 346470 1 133133311333331333313133311311131113311311111113311331133111
 346470 2 311111113113311111131313311313
 350480 1 133113313333331133313113113111331311331113131133113333113311
 350480 2 311111133133113131133111313333
 351220 1 133113333331333133311133111331331331331113131113313331313331
 351220 2 313311131111313113313313333333
 352210 1 133333331333113331311133311311133311113111133313311331313331
 352210 2 313113331333311131133313333313
 353450 1 333133313131331131113111111131131313311113111131113333133111
 353450 2 311111111131111113111111111133
 355450 1 333113313133333133313111111111131311331313111133113331313111
 355450 2 311111131131113113131113311313
 358180 1 333333333331333331111133311311131111313111133313311331333133
 358180 2 113311133331331111133313331313
 364390 1 133113313333333133313131113331131131331313131131311331313311
 364390 2 331311111133311113111113111333
 370440 1 131133333333331131311313313311133311333311133313313333333113
 370440 2 331313133331313113131313333333
 371210 1 333131331333333133311133313311131311311311133113313331313313
 371210 2 311313113331331131133313333333
 372190 1 133133311331333133111131311311131111311311113311313311333333
 372190 2 311311313311311111113313331313
 373170 1 113131311333311331311133113331111311313311133313113331133313
 373170 2 333311131133311131131133333313
 374440 1 113133333333333331311113313311131313333311133113313331331313
 374440 2 311311113331331111133313333313
 376200 1 133133331333131131111113311311131113333311133113313331331313
 376200 2 311311113331331111113313333333
 377180 1 333311333333331331313113311311131113333113131113113331113333
 377180 2 313313111133331111133313311313
 378450 1 131133313331331131131113111111131133311311131111311331133133
 378450 2 311311113131111113133313331133
 379450 1 133113113131311133333111111111131113311113111111133331113113
 379450 2 311311113131111113131113311333
 383400 1 331133113311331133113113111311131113313111131113133331333131
 383400 2 313111133131311111133113313313
 385340 1 313133113333331133111113311311131113333311131113313331131133
 385340 2 313311113131331111113313311313
 386450 1 133113313133331131113131111311111111311133111111113133113311
 386450 2 311111111133311113131111311333
 388450 1 133113113131333113333131111131331133311333111111111133113311
 388450 2 311111113131311113131113111333
 389430 1 131313113133331133313133113131131133333133111133111331111311
 389430 2 311311113133331111133313311313
 391230 1 333333331331331331111133311311111113313311133313313331311113
 391230 2 313313333331331111133313333333
 392200 1 133313331131113113313333111331111311313133131313113333113313
 392200 2 333111133131311131113111313313
 393430 1 131113333333331133333133113331111333333113131133113331313331
 393430 2 311311113113311111113113311333
 394210 1 333113333133333333313133313331131313333113131333113331113333
 394210 2 333313111113333133133313311313
 395190 1 131113331333331333313133311311113113333113131133113331113331
 395190 2 311311113133311111133313311313
 397380 1 131133113333333133311111313311331311313131131313113331131313
 397380 2 311313113333331111113313333333
 399420 1 331133113333331133313111313311131311311311111131113331313113
 399420 2 311311111133331111133113333313
 401160 1 133133333331333131311313311311131111333311133133311333133133
 401160 2 311113133333311111133113331333
 402440 1 333331333333333131311111311111131113311311133113111331333133
 402440 2 311311311333311113133313133333
 405440 1 331131111333331331311331113311131131313111133113333331333313
 405440 2 311313313331311113113313131333
 408430 1 313133313333333131113133111311331311333133131133313333333313
 408430 2 331111133133313133131113111333
 411430 1 333113313333333133313133311111131311331113131311313331313333
 411430 2 333313113133313111133333313333
 413430 1 333331113331331133131113311311133113313111133313313331333133
 413430 2 313311113331311113113313331333
 415430 1 331331133331331131111113311311131113313311133113313331133133
 415430 2 313311313331311111113313331333
 417230 1 133111313331333131111313311111131133313313131313313331111333
 417230 2 313111313131331111113313313333
 418440 1 131133113333331133313131111111131133311113131113113331313111
 418440 2 311311113133311113133113311333
 420260 1 131113133333311131313131113111131131311113131113113331313313
 420260 2 311111113131313111131113111313
 421200 1 113133113331331133131131311311131113333311313113313311331313
 421200 2 313311113331311113133111133133
 422440 1 313113313333331133313131113311131313331113131133113331313313
 422440 2 311311311133311113131313313333
 424210 1 333133313133331133311113311111131133331111131133311331313133
 424210 2 313111113133311111113113313333
 425430 1 133113111333333111313113311331133111313113131113133131133333
 425430 2 311311313133313113333313311333
 427160 1 133313313331331131311131311111131311313311111313313331113331
 427160 2 331111111131311111113333313333
 428430 1 131113111333331113113113311131131313333133111113113111333133
 428430 2 311111113133313113113113311333
 431430 1 333133311333331131313113111311331333313113131133111331313313
 431430 2 313311113133313111133133313313
 434170 1 131133113331331313133113111131131131333113133113331331313331
 434170 2 311111113331311111113333331333
 436400 1 331133113331331133313111311311131113311311111133111331313113
 436400 2 311311111131311113131113311333
 438390 1 113133333333333313313133113311331311333133131113331331111333
 438390 2 313311131113313131133113311331
 442390 1 331133331331331133311133111331131311311311131113311331113311
 442390 2 311311111113311111133113131313
 443420 1 333133313333333133311131113313131331311311133333311333133333
 443420 2 131311333333313133113313331313
 445230 1 113113111133313131111133113131111133313133111113111331333333
 445230 2 313111313131311113113113313333
 446230 1 333133313333331133311111311313131111331111131113313311113313
 446230 2 311313111133311113111313333331
 448420 1 131133313333331131333111113331131333333113133113311331113333
 448420 2 311311113313311113113313331333
 450230 1 333131311331331131313111311311131113311311131113313331333113
 450230 2 311311313131311111113313311333
 453380 1 113311311333333333313133313131131313333113131333113331313131
 453380 2 313313113133313111131313333313
 455420 1 333113313333331333131113313111131111313311133133313331133333
 455420 2 313311113331331111313311333333
 456170 1 333133313331331133113133111113131311333311131113113311333331
 456170 2 311311133131331113113313331333
 457460 1 333113313133331133113133113131311311333313131113113331313333
 457460 2 331313113133313131133313311313
 458270 1 333113333133331133113111111331131111331333131131113331333113
 458270 2 311111311133113113113313311333
 459430 1 113113331133333133313133113311331331333333131333113331313333
 459430 2 333311133133313131133313313313
 462420 1 131133113333333113313111131111111311311111133113113333133133
 462420 2 311111111133333111133131331333
 464170 1 133133333331311133311133111311131111133311131113113331313131
 464170 2 311113111131331111133113311313
 465420 1 133111313331333133311113111111131311311111131113113331333133
 465420 2 311111133133311111111133311333
 468490 1 113133313333133131311113111311131113311111133131313331133333
 468490 2 311311113333311113133113313313
 470380 1 131111111333331131111113333311131133111111131113111331113111
 470380 2 311113113131111111131313313313
 471420 1 131111113131311131311111311111131113311133111131113333331111
 471420 2 311311111131333113113113311133
 473420 1 131113111133131133333111111311131111333113111133113333111311
 473420 2 311111111133331111133111311313
 477400 1 133113313133333133331111111311131333111311131111311331111313
 477400 2 311111111133311113133313111333
 478170 1 133333333333133333311133311311133111313311133313313313131131
 478170 2 313311133311331111333313333313
 480390 1 113133113133333133131111111111131111311313133111311331113333
 480390 2 311311113313333113111313131333
 481410 1 131113113131331111313133111131311111313333131313113331313331
 481410 2 331111133113313131133111311333
 482410 1 131113111131331111313133113131131131313333131313113331313331
 482410 2 331111133113313131133111311333
 484240 1 111133333333331133313111311311131133333313133111313331133333
 484240 2 311111113333311113133113311333
 485200 1 133113331133311331313113311311111311333133131113113331133311
 485200 2 333113333133333131133111313313
 486410 1 133133313333331131313113113311131311313313133113113331113311
 486410 2 311311131133313111133313333333
 489410 1 133133113333333131311113311331111113313111131113113331333111
 489410 2 311311113331311113133113331333
 493410 1 133133333333333331311133113131111311333111133113113331333333
 493410 2 131311131333313131133111331333
 495170 1 131331333331331333311113313313133133313311133133313331331333
 495170 2 313113113131311311133313333313
 496160 1 313333333333333131311333131311133311333311133113113331131331
 496160 2 333313333333313131133313313313
 497410 1 331133113331331131313111111331131113313113131113113331313133
 497410 2 311313111131311111131113311313
 498210 1 133131313331331333311113311311131111313311131113313331313331
 498210 2 313111111133311111133113331333
 499410 1 131133113333331331113113111131131113313111131113313331113131
 499410 2 311111111133311111113111311333
 500400 1 333133313333333133331133313311131113333311111113113331313133
 500400 2 311311113113331113133313311333
 502410 1 331113313331331133313131111111331131131313113111111333333311
 502410 2 311311313133133113133313331333
 506410 1 331131113331331131111113311311131113311311133113111331313113
 506410 2 311111113331311113113311111313
 508180 1 333133333333331331311133311111131133313311133113313331311333
 508180 2 313311333331331113113313331333
 509410 1 131111313133331113311113311311331111331111111133113331111313
 509410 2 313311113133333113133313311313
 511180 1 131333333331333333111113111111131111333311133113113331333333
 511180 2 313311113311311111113333131333
 512410 1 111111313331331133111113311111131113311113131111111331111131
 512410 2 311111133131311111113111111333
 514190 1 133113333331331331313113311331131331311113131113111331111313
 514190 2 311111331131313111133113313313
 515180 1 133131333333133333331113311111131311313111133313313331331333
 515180 2 331111113331331111113333313313
 516160 1 313333333331331331313133311311131111333313131133313313111311
 516160 2 333113111113331133113133333313
 517410 1 131111113131331133133113111111131111311113111111113331111133
 517410 2 311111113111331113113111311333
 519210 1 331333113331331333313133313111331313331333133131333331113131
 519210 2 313311313333333113131113333313
 522400 1 331111113333131333333113311131111113333113131113113331111111
 522400 2 113111113131331111133113311313
 524400 1 131111111131331111313111111131131311313113131111111111113131
 524400 2 311111133133333111113113311313
 526400 1 133133313333331133313131313311131311331313111111313331313313
 526400 2 331111131113313111111111311333
 528400 1 333113113133311133313111111131131133331113113111111131313111
 528400 2 311311111133313113111311311333
 530400 1 333113113131311131313111311311111111311113131113111331113113
 530400 2 311111113131311113133113311313
 532300 1 131113113133311113113111111311131113311113111111111331313113
 532300 2 311311131133311113111113313133
 534360 1 133131313333333131311131113111331311331131131333111331133311
 534360 2 331111113113113333111313311333
 536360 1 131313331133311113313113113111111113113113111113311331313133
 536360 2 313311313131331111133111311333
 538320 1 313333133331331331111113313311131111311311113113113331311133
 538320 2 313311131313331111133313331333
 540360 1 313133313333333133313311111311131111331111111331313331333113
 540360 2 311111111133311113131313311333
 541400 1 133113113133331133313111113131131331333333111113111331313311
 541400 2 311113113133313133131113311333
 543400 1 131113313131331133313133113133131311311113131111113331313313
 543400 2 311311113133111113113113311333
 544420 1 313331313333331313111113113131331311113111133113313331111133
 544420 2 331313133333333111133113331313
 545410 1 133133131331331133311111311311131113313111113333311331111113
 545410 2 311313113333331111133313331333
 547410 1 313131311331331333313111113111131311311113113333311331131313
 547410 2 311111133133331131133113331333
 549400 1 133111113133313113313131113133311311333133131133111133113313
 549400 2 331313331133313131333111313333
 552400 1 133113313133311113313131113331311331311133131133111131113331
 552400 2 331313133133313131133113311333
 556400 1 333113313131331311133113111131131111313113111113113331313113
 556400 2 311311113133331113113113313333
 558380 1 333133133333331333311113311311131113313311131113311331113131
 558380 2 311313113333311113133313331313
 559400 1 133111113133331331313131113331131313313113131113311311313111
 559400 2 331113311133331111133313311333
 562160 1 133133333333133333311131311311131331333311133113313331313333
 562160 2 331311311313311113333113313313
 563400 1 133111113133331331313131113331131313313113131113311311313111
 563400 2 331113311133331111133313311333
 564160 1 333133113331333333131113311311131133313311113113311331333133
 564160 2 313311113131331313113313113333
 565400 1 331111313333331133113111111311131311331133111111131331113111
 565400 2 311111111113113111131311311333
 567400 1 333133133333333331113113113311131111313133131133113331313311
 567400 2 313311111133313111133113311313
 569410 1 311133333133331131113133113311131131313113131113111331313313
 569410 2 331311333131311111113313313133
 571410 1 131113333133313113313113111131111331311133131113111131113311
 571410 2 331111131133313133133113111333
 573380 1 133131333331333133311113311311131111311111131113113331313133
 573380 2 331311133131311111113313333333
 576410 1 131111113133331133313113111111131111331113111111113331111111
 576410 2 311311111133313111133113311333
 578370 1 313333131333331131311113311311131133113311133313311331133133
 578370 2 313311313333311111133113331313
 580350 1 131133113333333133313111111131131113331311113133311331333313
 580350 2 311313111331311113131313131333
 582350 1 131133133333333131311113113311331313131331113331311331311113
 582350 2 311113113333333113133313331333
 583170 1 133333313333133133311133111311331311331131133133133331313311
 583170 2 311313131333333113333313333113
 585370 1 313131113331333133331111111111131113311311113133313331333313
 585370 2 311313111331331111133313311333
 587390 1 331113313331311133313113313113131131313311131113131333111111
 587390 2 311311131131331113133313311313
 589390 1 131113313333331331113113111313131131313113111133311331313313
 589390 2 311111111333311111111313333333
 590400 1 133131311131331133313133113111111311113133131113313311113331
 590400 2 331311133131311331113113333333
 592400 1 131131313113331131313133113311111113311313131313113313113331
 592400 2 313311331331311111113113311313
 596350 1 333133313333331133113111311311131133311311113111313331313113
 596350 2 311113113311311113111313131133
 598390 1 111111313333331131313113111111131113333113131113111333113333
 598390 2 311111113133111113133311311113
 600390 1 131113113333333131313133111111331131331113131111111331113331
 600390 2 331111113113111111131111311313
 602170 1 133113333333311133333131313111331331331133131133313331333111
 602170 2 331113111133311113131313313333
 603390 1 131133311331331131311111311311131313331311113111313331333113
 603390 2 311113313333311113131311131333
 605390 1 111133111333333131111111311311131111333311133113313331133133
 605390 2 311313313331311113131311331131
 607400 1 133131313331333133313131111133131113311313131111113331313111
 607400 2 111131313131313113111313333333
 610400 1 331133113333331131333113111111131111313313111111113331313111
 610400 2 311313313113131111111311333333
 613400 1 131113113333331111333111311111131133331113111111111331313313
 613400 2 311111111133311113131311113333
 616180 1 133313133333133331313133113331131111333113131113133133113331
 616180 2 313313113133333311133313333313
 617400 1 331111313333331133333111311311331331333333131113113333113111
 617400 2 311311131133313113131333313333
 619230 1 331131113333331133331111311111131111311111111111331331113313
 619230 2 331311111131311133133313331333
 620160 1 333113113333331133311111113311131113333113113113113331113331
 620160 2 311111111331311113133313331333
 622390 1 333333333333333333311113313311131311311111133313113331113133
 622390 2 313313111131311111133313311313
 624390 1 331113333131331131313133313311111311311113333313113331313311
 624390 2 331111313333311131133313311331
 627400 1 333113113133333113313333313131311311313331311333131333333331
 627400 2 331111133133313131133111311333
 630190 1 333113313331333331313133113111331331331313133133311331313313
 630190 2 331113331133313111133313113333
 631390 1 333133313333333331313133113311131331313311113313313331113131
 631390 2 311311313333331111133113331333
 633390 1 113133333333333333311131313311131311311311111113313331113113
 633390 2 311113113133311111133113331333
 634400 1 333113313333331131311131311311131113333311113113113331133133
 634400 2 311311113333311111113313331333
 635400 1 331331333333331333311111311311131113331311133113313333131333
 635400 2 313313113331331131133313331333
 637330 1 133131113331333133131111311111131113311113131313133331113311
 637330 2 311111113113331113111313313133
 639380 1 133133313133313131313131313133311311333133131133113131113311
 639380 2 331333331133333133133113311333
 640380 1 333113333133333331311133313111131311313311111313113331111333
 640380 2 331311131133311111133113311313
 642380 1 133131313133331131313131113311131331313311111113113331113113
 642380 2 311311131133311113133113311333
 644390 1 131333133333331331311113313311331313333111133133313331133111
 644390 2 311113313333313111133313331333
 646390 1 131131133311331133111113111311131113113311133113111331113111
 646390 2 311111111333311113113111311331
 648390 1 313331331333331131313133311111131113313311133113313331113113
 648390 2 311311313133311111133333331333
 650390 1 313113313133331313313133113311131311333113131133313331113331
 650390 2 331111331133111133113113311313
 653410 1 331113113331331133313113111111131133331113111113313331333111
 653410 2 311111113113311111131113311333
 655410 1 133133313333133333311133313313131311313311131313313331333313
 655410 2 131313133333313133133113331333
 656390 1 333113113331311311113133111331111133111113111113111311113113
 656390 2 311311311133311113111113111131
 658390 1 313113131133311131113113111331111111111113111113113131113111
 658390 2 311311111131311111113113111333
 660380 1 313333311333333131313131111111131111331311133333113331133311
 660380 2 311311113333311111113313331313
 663380 1 333133333331333333313133111131131311333111133333113331313333
 663380 2 331111331331311111113313331333
 667370 1 133133133333331133333133311113331333311313111111311331331113
 667370 2 331113333133313133113313313333
 669360 1 133133313331331133313113111331131311333113111113113331111311
 669360 2 311111111131111111133113313333
 670180 1 113333313333313133331133311111331111333111111113113333313331
 670180 2 313313113333331111133313333333
 672310 1 333111113131331133111111111131131111313113131113113331313111
 672310 2 311311111133331111133111311333
 674380 1 133113333333313131313133113311331311333313131113113331133333
 674380 2 313111111113331111133113313313
 675400 1 131133313333313133311111111111331313331313111111113333313313
 675400 2 311111333133313131113313311333
 678400 1 333113313333313133113131113131331311333133111111113331113331
 678400 2 311111111133313113113113111333
 679200 1 311333333331333333311113111311131111313311133313313331333133
 679200 2 311113133331331111133313331313
 682360 1 331113333333331133113113313111131133333313111111111131313111
 682360 2 311111111131111113111313311133
 684350 1 313113313333331131313111113311131331331313131113111331131111
 684350 2 311313113133311111133113111333
 685390 1 333131333331331131111111111313131111313111131113113331131113
 685390 2 311111113331311113113313331313
 687390 1 133133333331331133311113111311131113313311133133113331131133
 687390 2 313313111331331111113313331333
 689370 1 333131313331333133111131113111131311333311131313113331113333
 689370 2 331311113131311111133113331333
 691350 1 331131133333331131131111111311131113111311131113313331131113
 691350 2 311111111331331111113311331333
 692390 1 331111313333331133133113311311131133333313131113313331333133
 692390 2 311311113133311111133313331333
 694390 1 333131313331333133311113311311131111311111111113113331111133
 694390 2 311111113131311113111313311333
 697370 1 333131313131331333113113111311131331313313131113113331313131
 697370 2 311311113133311311113313313333
 699390 1 113113111333331333113113111331111133333133133133311331313111
 699390 2 311111111333311111133113311333
 701390 1 133133313333333131313111111111131111333133131113113333333311
 701390 2 311111313113113111111313311333
 705390 1 133133113333333331313111113311131113311113131313313331133311
 705390 2 311311311111111111111111311333
 706220 1 133333333131333331313133111311331311313113131133313331313333
 706220 2 311311133131313111133113311333
 709390 1 133113113331133133333133113111131113311131111311313333111111
 709390 2 331113333133313113113311111133
 710180 1 133133133333331333311113111111131313313311113113333333333333
 710180 2 331313133333311133313313333313
 713370 1 131133113333333331311113313331131111313311133313313331313333
 713370 2 311311113311311111133113331333
 717350 1 333133313333331133113111111111131133331113113133111331313113
 717350 2 311111111331111113111313331333
 718380 1 333131113333331133313111111111131111311113111131111331113111
 718380 2 311311111133311111133113313313
 720380 1 313133113333333133313311311111331333331311113111111331313113
 720380 2 311311113133313111133133311333
 722160 1 333113333333331331313133313311131113333311131111313333111331
 722160 2 311313113131333111133313311313
 724330 1 333133313333333133313133313311331311333311131133113331113313
 724330 2 331111111133313113131313111333
 726350 1 133111113333333333313131311311131311331133111133313313313313
 726350 2 313111113133311111131313113333
 727380 1 111333333333331333313111113311131113311331133113313331313131
 727380 2 311111113333311111133113311313
 729380 1 131133333331331133311113111311131111331111131133313331313131
 729380 2 311111111133311111113313311333
 733370 1 333113333331311131111113111311111111331111131111113331113131
 733370 2 311111111133311113133111311333
 736390 1 131111333331331133313113111311131113311313131313313331133113
 736390 2 311311113133311131131113331333
 737160 1 333113331333331131111133111111133111313313131333313331111331
 737160 2 313313333131313111133113311313
 739370 1 131131333333333133311133311111131111111111131113113331113333
 739370 2 313111113133311111133311313313
 741340 1 133131133331333133111113111311131113311111131113313331111311
 741340 2 311111113133311111133113311333
 743330 1 113131133333333333111113113111131133313111133113113331311131
 743330 2 311311111133311111133313331311
 745350 1 333333133333333131311133313311131311313311111113111333113333
 745350 2 331313333333331131133113313313
 746170 1 333333331333131133311133313311131313313311131313313331113333
 746170 2 313313333333313113133313333311
 747390 1 131111333131331131113133111311111111313313111113113331111131
 747390 2 313111111131333111133111311313
 749390 1 131111113133311133313113111331111113333113111113113331111311
 749390 2 311111113133311131133313313333
 752370 1 131133311333333131313113111311131113331311133113313331333113
 752370 2 311313311331311111133313333333
 754360 1 131113313133331131313113113311131331333333131133311333113331
 754360 2 311113331113313133133113311333
 755180 1 331333133333333333311133313311131111313311133113313333133333
 755180 2 333311131333311111333313333313
 759330 1 133333333331133131311133113311331311331111131133113333313331
 759330 2 313311313333313131133113111313
 760390 1 133133113333331131131131311111131131311111111111133331133113
 760390 2 311111111131111113111311331333
 763170 1 333333313333333133313111111311131311313313133113333331333333
 763170 2 311111111311311313311313333333
 765170 1 111311131111113311313311131333313333111131311111133113331133
 765170 2 131133133111133311331131133111
 767330 1 333133113333331131311113313311131331311131133113311331331113
 767330 2 311311113331331111133133333333
 769320 1 333113111333333333313113313331131111313311131113111331113111
 769320 2 311111111133311111113113311333
 771380 1 333111111131331113113113111131131111333313131133111131333131
 771380 2 311113111113111111113113111333
 773180 1 133133113333331133311113331111331113331111133113111331333313
 773180 2 313311111311331113111313333333
 775360 1 111131311331333133131131111111131113311311111111311331331313
 775360 2 331111113331133113133313311133
 777340 1 133113113333331113113111111331131111331113113113113131313133
 777340 2 311111111131311111111111313333
 779340 1 133113333333333133313111113111131311331113131113113331313333
 779340 2 311113111133311111133113311333
 781370 1 133113313333333133313113113111133111311113133111113331113133
 781370 2 311313111333331111133313311333
 783370 1 133113313331133133113113111111131113311113111133111331313111
 783370 2 311111313131311111131111313311
 785330 1 133131311133331133113111113313131313111113133313313333113131
 785330 2 313111113333311111113313331313
 786370 1 131133113331331131111113311311131113313311133113113331333133
 786370 2 311111113331331111113313111113
 788370 1 133133313333333133331133113111311311333333133133313331333331
 788370 2 311113111313313113133113111333
 790190 1 133133333331333333313133131331333311313313131313113331113133
 790190 2 313311313131313111133133333313
 791370 1 133133113331331133313111311111131111331311111133313331313113
 791370 2 311111111133311111131333311133
 793190 1 113133133333133331311133331311131113333311113333313331313333
 793190 2 311313331333311111113313333313
 794370 1 113131113333331133133111111111131111331313111131313331313313
 794370 2 311113111333313111133113311133
 797360 1 113133313333333113313111111311131133311111113133111331311311
 797360 2 313311131131333111131113311313
 799350 1 133133111333333131111113111311131133113111131111311331113133
 799350 2 311311111111311111113313331133
 800380 1 131133313331331333113113111311131311331111111133311331111113
 800380 2 311113111131331111113113311313
 804360 1 133111311333331131111113111111131113313113133113311331333313
 804360 2 311311313331311313113313331313
 806340 1 133133333333331131313133113311111313333311131113313331111331
 806340 2 311111113333331111133113311313
 807340 1 133113313133331111313113111111331111333133131113111331313331
 807340 2 311311313133333113133113313333
 809330 1 133111113133333133313113311111131111333333131313313331113111
 809330 2 313113113133313111133113311313
 810220 1 313113333331333131113313311311133111133111331313313331111133
 810220 2 313311333133331111313313313313
 811220 1 333131333333333331111333313311133111133111311313113331111333
 811220 2 333311333131331111113313333333
