ZIMBAWE 90ITEMS
09002N
11641146
001003
(I5,I2,I1,1X,I1,70I1)
(I5,I2,I1,1X,I1,70I1)
    1210 1333133313331131133331131313131131313333311331133311331
    1210 2331311331331111333311133133313133333
    2200 1333133313333333133311111313113111311331331133133113333
    2200 2333331333111131331311133133113331313
    3230 1111113113333111133113111111111331133333111111133311331
    3230 2311113311113113333311133133311133131
    4200 1313333333333113313311133311333131311133133131133311331
    4200 2113333333331133133311331313313333313
    5211 1331333331331131333133113333313133313113331333333313331
    5211 2131333313111313331331111313313333311
    6210 1133333313133111131333131123313331111333333133133311333
    6210 2313311331313331113313333133311313333
    7460 1133133113331131133311133113111331311331331113333313331
    7460 2313133333111331331313131113313333313
    8530 1131113113333331133111111111111111113311111113113313331
    8530 2133111331111133331311113113313331333
    9210 1133133333333131131333133313111333311333331133133111331
    9210 2313331311111131133311131133331311331
   10240 1333133333133133133333133313131311313333133111133313331
   10240 2313311331113313131113131133113311333
   11270 1133313313333311133311131111113311131333111131131311333
   11270 2333313331131331333313133333111331333
   12200 1333333313333331333313131133333333113113111131133311331
   12200 2313333333313133333313333333313333333
   13200 1313133333333131333311113313311131113333311333133313331
   13200 2131133333133333313311311333313313311
   14200 1333313331333133333313133113331331311333313131133313333
   14200 2113331333333313133313131333333311313
   15210 1133133113333311133313133113111311313331311113111311131
   15210 2333111331111113111311131333313313333
   16310 1133113313133133111313113111131331311313133111113113131
   16310 2113113313313133133311113133313311313
   17240 1333133333333333313313133113131331331313131113113313331
   17240 2113333313313133113333113133333333333
   18510 1323113313133331111313133113331131131311113131113113333
   18510 2333333313133313131311131133313112313
   19240 1313311133313313333313111311133113131313113133113111113
   19240 2311311333133333133333133331313333131
   20340 1333313133333333133133111111131131111313313113131311331
   20340 2331133313111113331111113313313331333
   21211 1133131133333333333331133311311331311333311131313313331
   21211 2313313333111113331313111333313333313
   22281 1131133113333111113113133111131133111333111331113331131
   22281 2313333331111131131111111133313133331
   23240 1131133133333111111133133313331113333333111131133111331
   23240 2313333333113113133311131131313331331
   24261 1131131113333331133331333331311333311333331131333313331
   24261 2131333313313133331331111333313331313
   25221 1313333311333313133133113113311333331333311133113313331
   25221 2133331333313113133313111333313333331
   26230 1131113133133331333333131113131311133333113111131311331
   26230 2313311311111131133111113333113331333
   27221 1133113313333333133313131313111331331333313133131311131
   27221 2313333313113111333311131133311131333
   28231 1331131113333331133331113313311131113313311133113313331
   28231 2331113311311311331331113113311331133
   29251 1333133113333131133311133313311133131133131113133311333
   29251 2313131331111313333311311333113331131
   30321 1333131313331331133111311311311131111311311133311311331
   30321 2331133313311311331311111113313131133
   31390 1333333113333331331311131313112131131333311113113311331
   31390 2311113331313313333331113113113333131
   32261 1331313333333331133113113111331131113313311111113311331
   32261 2113111313311111331331111113113333311
   33341 1331131313333333313113131113131131133313313133133311311
   33341 2333313311313113333311113113113313333
   34320 1133313313333311113131131113131311131333113111111111131
   34320 2113313331131113131331331133113313133
   35351 1131113133133313313113113313131111111311113131133313331
   35351 2333133311111113133311113113113313333
   36431 1331113313333331133111111113111131131313111133313311331
   36431 2111133313111111331311113211113331333
   37341 1333133113333331133131133313111113111333131133131331331
   37341 2313111331111111331311113113113331333
   38261 1131311133333131133311133113311131111313313133113313311
   38261 2331133313113113331331111133313131313
   39240 1133113333333331133313113113111331111333313131133313331
   39240 2331331331113113133311131333113331333
   40311 1311331111311113311311311331133133311111133333311313113
   40311 2111331113333331111133311111133333111
   41321 1333113113333331133131131313113133133331113113113311331
   41321 2333113313333111333311133313111133333
   42331 1333113113333331133111111133111131133311313113111311331
   42331 2333113312111111311311113111331131333
   43341 1133313313333133133313131313111133131313311133133311331
   43341 2311133311313311333111133113311333333
   44240 1131311313333113313313133113133313111333313131133311331
   44240 2111331313331133333311111333113331333
   45451 1133113113333131133313133113111111111333133333111311331
   45451 2313111333311113333311111333313331133
   46261 1333113313133133333311133311131111331333113131313311331
   46261 2113133313113111133311133331333311313
   47250 1333131133333313133331311313131131111313311133133311331
   47250 2313113311333311333311333133313333331
   48300 1331313313333333133333131313111331133333311113131313331
   48300 2113313331113111333111133111313333333
   49251 1133133313333331133113133313311131133333313131133313333
   49251 2333333333313131333111131311113331333
   50260 1133333333331331133331133313133331111333313133133311311
   50260 2133133313133313333311331311313331333
   51190 1331313133311212122332133113311113111333333111113311131
   51190 2113111331111111333111311113311131333
   52280 1113313313333311313331333133331311111333133111133113131
   52280 2313313333131113133311333133111333311
   53241 1331313313331131131113133313111311131333313133133311131
   53241 2331313313311313331311333133313313133
   54231 1333113133333133133313333313333331131333131131131313333
   54231 2111333333333313133333311333313333333
   55270 1333313333333333333333131333313133133333313131133311333
   55270 2333333333333313133331333333313333333
   56290 1333133133331331133311111311113331113333311133113313331
   56290 2331113311111131311311111113313113333
   57240 1113333333333111133133113113111333111333333111131313331
   57240 2113333313113113133311311113311131133
   58210 1333313313333311133333131113131111131333311113131111321
   58210 2333311331311111133333331333311333333
   59241 1333333131133131133311333313111333331331311331113333333
   59241 2333333333331333313333331333331333313
   60321 1133313331313111333131133313311131311333311131113113331
   60321 2313333333111113333333113133113311331
   61230 1333111333333131333311313313311111113333113131111311331
   61230 2131333113313333131311131133333313333
   62241 1133133113333331333311131313333313111333113133133311333
   62241 2313133313313311333313133133331333133
   63231 1113333133331131131111133311313113111313111133133311331
   63231 2333333333333113331311131113333333311
   64220 1333133113333333133331111113131131111333313133133313331
   64220 2333333313313113331111113313311131333
   65251 1113333111133113111313113113131311311333131313133311133
   65251 2311133331313111133331111133111311111
   66311 1133123313333111133113133113111131331333113131113331331
   66311 2333333333111133332311131113113331332
   67321 1133333313333131133333133313311133113331311111113311331
   67321 2133313313111113131331133113311333331
   68261 1333313113333313133313131113111111333333321133133311331
   68261 2333311333311333333311133133313333333
   69411 1113313113331311223113113113131111131333333111133121333
   69411 2313313331111113113311111313112331333
   70220 1333313313333311133333113113131131133333313133133311331
   70220 2313113311113111333311123113113331333
   71250 1331113113133111333313133113333111131331113111133311333
   71250 2311113313113111333311113133111333333
   72240 1133313313333133131313133313131133113333313333133311333
   72240 2333313331111313331311133333313331331
   73211 1333133113333133133331133313311131113313311133133313333
   73211 2331313313111131333331113123313331333
   74261 1331333133333133331113133313131133113333131133133313311
   74261 2113333333333111333311313313313313333
   75281 1133131113333113133131133111131113133333111131133311331
   75281 2313333313311113133311131313113333333
   76281 1131113113133331133313131313111311331333113133131331331
   76281 2313113311111111333113133131311113313
   77411 1131113113333331133131111313113131133331111133133313331
   77411 2311113313113113333111113113311331333
   78291 1333113313333131133311133313331311311333113131133313331
   78291 2313331333133131133311111113313331333
   79680 1331113313133311133333131111131111331311133111113113133
   79680 2313313311311111133111113133111311333
   80470 1131133213333333133313131313113311311333311131133111331
   80470 2333313333311113333331111133313333313
   81220 1111333313333311133131113313311131313333311113131311331
   81220 2133313311311331333311113131311331233
   82231 1131133131133311333111313113113111111313111133113331331
   82231 2331313311111111311113113113111311133
   83210 1133133333333333333311133313311131311333313131113313311
   83210 2113331333113333331311111233313331313
   84180 1131113333133331133311131313311331311333331131333313333
   84180 2133311333113133133333131111313311333
   85290 1333133313333313313313133113131331331333331131313311331
   85290 2113313313313113133133111133313313333
   86270 1333333313333131333131131113113113113333113131133311331
   86270 2313313333131131331311131133113333133
   87331 1131113113133111113313113313111311333333313111131331133
   87331 2333333333131333333333333133313333333
   88381 1131311313331131131131131113111111131311113111131311331
   88381 2331133331131111331311133111311331333
   89401 1131313113333331133113111311111131131331313113133313331
   89401 2333113311111111331311113113311331333
   90230 1133113313333113133313131313111131313311113131113313331
   90230 2313313331113133131311131131313311333
   91250 1333133313333133131133131313111113333333313133133313331
   91250 2333313331113313333311333133313133333
   92420 1333333313333121132311133313211131133313311133133311331
   92420 2313333313311331333311111313113333333
   93301 1333313313333131133311113113113131113333311113133313333
   93301 2313313313313133333311111333313331333
   94501 1333213123233311133333111131133111133331113111331311133
   94501 2333123313231111332111113131111333133
   95361 1333113133333131333111113113313133111313311133133311331
   95361 2313131313331113311311311313113313113
   96301 1333333313331131133111131213111131113313311133133311331
   96301 2333333311113113333331111331313333333
   97221 1331313113331313133133111313111331133333311111131311311
   97221 2311113311111311111111123111113131333
   98401 1133111113333331133133111111113111111311111131131111331
   98401 2313113311131313333331133113113121133
   99301 1133111113333331333313131313113113133313113113131311331
   99301 2133133333111313331111113311313333333
  100341 1133113113333131133133111313111311133333311133111111331
  100341 2333113311111111333111113111313131333
  101351 1311313113333331333133111113131111131311313113131311331
  101351 2333113311111111331311113111311131133
  102391 1313113333333311113313113313332331111333111111313311131
  102391 2113113231321113133111311333111323333
  103361 1113113313133313111333131113131111131331113111131131131
  103361 2313113331113311133111133111311111333
  104290 1333333333333133333311133313113131313333311133132311331
  104290 2313313313333313333331311313313313333
  105361 1331133111331131133111113311131111133311111133113311331
  105361 2311133313311313331331111113311331133
  106381 1333133333333133133111113113111131111333311133133313331
  106381 2113133313313113333311131133313333333
  107411 1333113133333331133313133113131131313333313113133311331
  107411 2313333313332313313331311133111333333
  108331 1113331113333333133311131111131131113333311133113313331
  108331 2331133311111111331311113113311133333
  109251 1333313113333113131311131111131131111131311133133311331
  109251 2333333333131331333113131333313333333
  110230 1313333333131133131311133331111333113333311133333333331
  110230 2333331331113313333333111133313313313
  111321 1321313113333331333131113113131131133313313113133311331
  111321 2313113313111311331111113113111131133
  112221 1333333313333133333311133333113133113331111333333331331
  112221 2333313313313111331311313331333333333
  113521 1333113113333131133113113111131131133313311111113313331
  113521 2133313331311111131311311313111311133
  114240 1113133313333333131311131311113311311331331133133313331
  114240 2333311111113111333313311111313331333
  115421 1333313113133311133111111113111133111313311133131311311
  115421 2113313311311111311111113113111311133
  116310 1333333313333133333313111331131331111333311131133311331
  116310 2333333311113311133311113133313331333
  117250 1133313333133111113333131113131311331331113111131111131
  117250 2311313331113111133111133133113111333
  118311 1131113113333131131113133133131311131333113313113311131
  118311 2313311311111311331313113131111331333
  119351 1333111113333131133333131313131113111313313111133311331
  119351 2331313313131311333111333131311133333
  120310 1331333313333331133331113311111131133331311113111311331
  120310 2313113311313113331311111113311311333
  121561 1131313111233311133113113111131131113313313111113311331
  121561 2333313333113113131311111113111311133
  122561 1331311113331331133131111113131131133331311131111311331
  122561 2333113311111111333311113313111131333
  123360 1131313311333111133132111311133311133331113113131311131
  123360 2311313311111311333131113133311311331
  124391 1133113313333311133111133113331331323313331313313313311
  124391 2313111331331113133113133333311333133
  125300 1131113333333131313331113311131111131333113131133311331
  125300 2313331333113113333311113133113331333
  126310 1133133113333331133331111313111111133313311133331311331
  126310 2331133311113111331331111133311131333
  127401 1133331313333311131313111113111113133133111131133311333
  127401 2311131311111313333311331133313333333
  128330 1133133313331331133331131131131111111333113111131111131
  128330 2311111331113133333311333313111333333
  129241 1333113131331131133111113311111131111313311133133311311
  129241 2311133313311113331311111113111331333
  130210 1331333133331133333113113311111111111313311133133313331
  130210 2133333313113111331311113133311333313
  131231 1131313133333331133133131313311131333333311132133113331
  131231 2131313333313113333311133113333313233
  132331 1333133121233113133313131312113131313313133133333313333
  132331 2313333311313113133311113133313331333
  133441 1131113133331331331313113111311131111313311131113313331
  133441 2333133313311313131311111113113111133
  134251 1311333333133313133333331133313123333333111333331321313
  134251 2333333333313133213333333311333313333
  135220 1333323313333133333312133313111131331333311113133111331
  135220 2133331311113133333331131333313331333
  136321 1131113313333331133133111313111131131313111131113311331
  136321 2333333311111111333111113113313131331
  137251 1131311133331131331333113111111311133313133313113113311
  137251 2333313313111313333211111313313131133
  138381 1131311333331311133113111113131111131331111133131311331
  138381 2113313333113111331311131113111313133
  139221 1313333333333133333333133313311131313333331333333313333
  139221 2131331333331333333333131333313313313
  140221 1133133313333313131313133111131331311331113131131313131
  140221 2113311331113313133313333133113331333
  141221 1333113331333133333313131313113131111333111311113311331
  141221 2111331333133113331311111131333131331
  142271 1133333333133131311333133313131111331333113133133311331
  142271 2313333333111313333311131333313313333
  143251 1333313133133131333111133311111131111333111131113313331
  143251 2133133311313111331111111113313331313
  144230 1113133333333333133111133113331131113313311113313113331
  144230 2133333313311133331311111113313331333
  145301 1131131133331131333111111111131111111333111131133311311
  145301 2131131313331313111331111313113333313
  146230 1333331133313133131111131111313131313333311311133313333
  146230 2113313313111313331313113113313333331
  147261 1333313333133133333113133311331131113333213131133333331
  147261 2313331313313113133311131213313313333
  148391 1333313113333331133133111313131131113331311111131311331
  148391 2333113311111311333111113131111131333
  149361 1333113333333111131133113111131131131333311113133311333
  149361 2111311131131331111133331331133313311
  150291 1131113113333111133113113311111131113313113131313133313
  150291 2333133311311113131311111113313133133
  151251 1333113113333331133331113313131131133333311133133311331
  151251 2111333313313113333331313133313331333
  152221 1333113131133331133313133313133111313333113133133313133
  152221 2313333333111313333311113313113333333
  153291 1331133113331111133313133111313111113131311311113111133
  153291 2131311333111311113311113313111311133
  154411 1333113113333331133111111313131331331311333133131311331
  154411 2333313311113111331311133313113131333
  155280 1133113333133133333313133111311111311333113131133113331
  155280 2113311333113113131311131133113311313
  156240 1333133113333331133131111313111131131313311133113311311
  156240 2113113311113111333311113111311131333
  157200 1313113331333331333311133111311131311311111131113313331
  157200 2113311311113113233311331133113331313
  158250 1313313333333133333333113123313311311133111331232213333
  158250 2313113111131311331313113331133113131
  159630 1323113331133331113333331311331331131311311313311133311
  159630 2331133113311313322313113313131131313
  160180 1333131113331111133133111113111131111333311111133311331
  160180 2313313311133311133131133131311331131
  161220 1333131113133311133133111133331133131331313111131311331
  161220 2313113331333111111313333111111313133
  162470 1331133113331331133311131111111131311331111113131113333
  162470 2133311311111111331311113131313133333
  163540 1331133133333313133313131111131131311311311113113113331
  163540 2333113311111111333311113131111131313
  164321 1333113313333331133111113113331131111313311131133311331
  164321 2133133311311113131311111113313311333
  165221 1311113331331131133311113311311131113313231133313313331
  165221 2311133313311113331331111313313333313
  166501 1133133313333311133333133113331311311333331131133313133
  166501 2333333333311113113313131131311311333
  167190 1123131313333333331313123313331131111311312131313311331
  167190 2113331333111333133311111133313331313
  168340 1333131313331331131131113311111131133313311133113313311
  168340 2333333311313333331111111113313333133
  169191 1333333333333133333313133313313133313133313133333313333
  169191 2133333333313113333331331333333331313
  170181 1131311331333131131331133311313131133313133333133313311
  170181 2111331333311333111311133113333311313
  171200 1133313133133133333313133333113131311333133133333133333
  171200 2313331333333131133311131331333311313
  172180 1333113313333113133113131111111331111333133111133113133
  172180 2333333311311133131333111113113331333
  173291 1331313133333331133133113111111131133333313131133313331
  173291 2331313313313313311311133311313113333
  174580 1131133313333311133331111111131131133331331113131111331
  174580 2333313331111311333111133111313333331
  175200 1333133313333333133331113313111131331333111133331311331
  175200 2113313311113131331311111133313331333
  176170 1133331333333133131111333313311131133313313333113313331
  176170 2111333333113313133311131133313331313
  177211 1113133133333311133131113113111111131333113133133313331
  177211 2331333313133313333311313113113133333
  178221 1133113313333131131331333313111331331311311133133311333
  178221 2313311311111113331111113311313331133
  179241 1313313113133331133333311131313133133333331113113331133
  179241 2131311331311331133311113311331313133
  180240 1133333113133113133333131113111331321311113111131311331
  180240 2311331313113113133311133133111313113
  181250 1333113313333311133333111111111131133333313333111331133
  181250 2311313331133313313311133133311133333
  182200 1333313113333331333331131113111331111333311111131313331
  182200 2333113313131131333313133111313131133
  183240 1333313333333333133111131311133313311331313333133313331
  183240 2333333331333311133311331131311333313
  184260 1333113113333133133111133313133331111333311111133311333
  184260 2313313331133113333311331133333333333
  185250 1133313113313331133331131313111131133333311111133313331
  185250 2333313311111111333311113113311131331
  186250 1133113113333331133133131113111331131331113111111311331
  186250 2113113331311111333313131233123131212
  187230 1333313323313331133133132311133131133333313113133311131
  187230 2331313333333113311311333131311333333
  188200 1331313113313331133333131113131131131333313111131311331
  188200 2331113311113311333311133123313311133
  189230 1133331133133331333113111133131131133313311111133311331
  189230 2333313331333133333311133113331331133
  190181 1333113333333133133331111313331131133333313111331311331
  190181 2313313331313131333111131131311113133
  191300 1333311113333331133111133313133131113333311131133311331
  191300 2333313333131311231133133113311333333
  192210 1113313133333311331333113111131131133333313113113311311
  192210 2333113311131333113311113311313131111
  193210 1233133333333113133131132113111333133333321111131311331
  193210 2313113331311111331313213111312331333
  194260 1333313113333131133333131313111331133333311111133311331
  194260 2113313331113311333113333113313331333
  195200 1131313333333111131333133113131331131333113111133313331
  195200 2113311311111331133111113333113311333
  196190 1133113113333111133311113111131111131331313111133311331
  196190 2113331313111311331311113313113331333
  197190 1133313133333331333333133113133331131313333113133313331
  197190 2333333333333111333313133111311333333
  198220 1333131113333333333311113113311131311333111133133311331
  198220 2331333313113113333131131333313333313
  199230 1131313313333331133331131313131133331313331131131311333
  199230 2333113313113311333331131333311131333
  200200 1133113113333331133111133313131131113313311311113311331
  200200 2311331313113111313311113113313331133
  201310 1133113113333311113133131113331111113331113131131313131
  201310 2333111311111111133311113131313131333
  202290 1331331113333311133131111311111131113313311113113313331
  202290 2333111311311111331311113113311133133
  203301 1333313113333113133331111113311331331333313133133311331
  203301 2333313311111111333131111333311131333
  204220 1131313113333331133133111113111111133331333111131311311
  204220 2333111331111111331111113111311131133
  205230 1133133113331331133111113311111131113311311133113313331
  205230 2131133311113113331331111113313331133
  206301 1131113113333131333133131113131113111333311133131313331
  206301 2313113331111313333311113133113131133
  207251 1331113113331133133311131313131133113311313311131311313
  207251 2311133333111113111331111113113333333
  208361 1133313133333133333311133313133113111333111131133313331
  208361 2313333313311313333311311333311331133
  209280 1133113113331331133331111313111331133333311111131311332
  209280 2132113311113311313111113133311131333
  210250 1331311133331331133131133311331131133313311133131313331
  210250 2331133313313113331331113113311311133
  211230 1333313313333113333313131113113311311333133131133313133
  211230 2313333333111331133333133133313333333
  212290 1333333333133113313313133113111313111333313133133313131
  212290 2113333333331311331311331113313313333
  213271 1131311113333111133131131111111111133333113113331311331
  213271 2331313311111111331311113113111131133
  214230 1133113113333331133331111311113311131331313133131311331
  214230 2313113311111111333311113111331333133
  215220 1333333113333332133133111311111331133333311131133311331
  215220 2333113311113113333311111113311333333
  216240 1131113113333131133313111133333311111333311133133111331
  216240 2113311331113113133313131333112333333
  217210 1131111113333311333331111113111131111333111111113311331
  217210 2313313311111331131111131331111331133
  218240 1333133133331331333311113311333131333313113131313311331
  218240 2131131313111113133311113133311311333
  219210 1133313113333313333313131113133313111331311131133313133
  219210 2313113333131133133311332131111313313
  220281 1131313113133311133133111113131111133331313111331311231
  220281 2313113311113311311111113133311111333
  221220 1333113333333333333331131113331131331333311133133313331
  221220 2331333331333131133311133331313331333
  222361 1131111113333311133333113313131111111331113133133313131
  222361 2311311311113133133331113313113311333
  223341 1133113113333131123111111311111131111311331131133311331
  223341 2313133311313111333313111133311331133
  224200 1333113113333333133133111113131111133331313113131311313
  224200 2313131311111111333311133311311111133
  225240 1333113113333131133313133313113111131333311133133311331
  225240 2331313331113113333311331113313331333
  226241 1133333331333133333313133313311313311333311133133333311
  226241 2111333333313333333311131333313333333
  227281 1331113113331331131133113313111131131333131313131311331
  227281 2311111311113311333311113111111113333
  228271 1133313113133333323331333113331322133333133131133311331
  228271 2313331333131111133111133111111311333
  229180 1333113313333113333333131333111131131331333131111111331
  229180 2311311333113111133311113133333333333
  230291 1131333113331111133133111111111131111333311111131313331
  230291 2313111311113111331311113131111111333
  231281 1113133333333113333111133313311133133333311133133313331
  231281 2333333333331313331311331313313333333
  232281 1133311113333133133131111113133111111333313113333111331
  232281 2311313333133113331111133313111331333
  233281 1133331113333333131133111113111331111331111131133313311
  233281 2331113311313113311311111113311331333
  234310 1131133133333331133311111313311131313313311133113311331
  234310 2313333311113313133311111113311331333
  235230 1333133113333131133311131313131131111333311133131313333
  235230 2313313313113331331311313133311333333
  236251 1133333313333311333331113113313333113333311133133311333
  236251 2333333333331313331313333333311331133
  237211 1333313313333333133311133313111133111333311131133313331
  237211 2331333333111113331111133313311331333
  238311 1133311313333311333111111113133131131333333133333311331
  238311 2313333311311111331111113333113333333
  239331 1133313113333111333111133113311133111333313133133313331
  239331 2311333313111313333311111333113333313
  240221 1333133113333331331133131333133131133331313133113313311
  240221 2333113311111111331311133112113131133
  241350 1333133313333131133131113313111111111333311133133311333
  241350 2313333311111113333311113133311133313
  242270 1131131113333131133131113313111131111311311131133113331
  242270 2333133313113133331311112313313133333
  243301 1133113113333133133111113111113111111313111131131311111
  243301 2131133333111313331111111313111313313
  244321 1133313333333111133131113113131131113313311131113311331
  244321 2333313313111113331311113113313331333
  245241 1133333133333331333311113113311131133331311132133313331
  245241 2133331313313111333311131333311331313
  246261 1333311133331331333133113313111331111333311133131311331
  246261 2331333333311333331311113113313331133
  247201 1313133113333131133131133313333133133333313131133311331
  247201 2313311331123111331331131133311331333
  248311 1333313313333333133333111113111131131313311111131311331
  248311 2331333311111113331311113113113333133
  249221 1311113113111131131133111313113311333113311333111331331
  249221 2311113331111113333131111113313313131
  250190 1133313113331313133331133133111111333331313111133311331
  250190 2311313311111111311111113111313133331
  251201 1131113113333313133111111113111111113333311111111311331
  251201 2313333311131311133311331333331111133
  252321 1133133333133313133313133113133113111333113333133313333
  252321 2313333313131333331331331113113333313
  253241 1331133113333331133131111311311131133333311113131311331
  253241 2331133311113111333311113311311133333
  254221 1313333213333313133133111113131133131333311131131311331
  254221 2333133333313111133311313313113113133
  255291 1333133113333333133111111313111131133333311131131311331
  255291 2311113331111331331111133113313131133
  256231 1131313113333311133131111113111111111333111111113313332
  256231 2313313333311211131311133113311331133
  257260 1313331113133313131333131131133333133333111113331313331
  257260 2333311311313131333331113133313331333
  258341 1313313313333113333311113313311133111333313133133311331
  258341 2313313311111111331111133333313331333
  259221 1313313313333311133333133113133313111313133131333313133
  259221 2113333333113333333311331333113313313
  260261 1111313113333313133133131113113131331333311133133311333
  260261 2333111311311131333311113133111131333
  261221 1333111133311233131333311311131313133333131333313311111
  261221 2131313311111133331331131311333333331
  262221 1333313133133133131331131331313313113131313333133313131
  262221 2311313313133113333331331131313133333
  263291 1133133113333113131333131113111313313313331331133311331
  263291 2131133313111313333321113313133333331
  264290 1133113313132113113333133133331311331131113131133311131
  264290 2313311333321113113133131333113313313
  265221 1331333113333331133131111113131131133331311133131311333
  265221 2333113313311111331111113131313113313
  266240 1311113113333333133331113113111331131333113111131331331
  266240 2313111313113311133111313113312313333
  267261 1331313113133331333111113313331131113333313131113311331
  267261 2313333313111113311111113113111333331
  268291 1331333113333331133131111313131111111333311133133313331
  268291 2313333311113111313311113113111131333
  269281 1333333133333331333111131113113333111313331331133313333
  269281 2331333313113333333311333113313331333
  270221 1111333113333331133111111313111111133331311113131111131
  270221 2333111311113111331111113113311131333
  271301 1133113313312331133131113113111131311333313131131311333
  271301 2331113113331113133311131131313133331
  272281 1133313113333133133331133113131111111333311131133311331
  272281 2311333333111113331331133113121331333
  273251 1333133313333111133333131113331331131333311133131311331
  273251 2333313333111113333311333113311331133
  274211 1133313313333311133133113113131111131333111133131311331
  274211 2313331313333311333111133313111313333
  275190 1331333113331331131133133133113331311333311131131311311
  275190 2313313313131331331313113313111331133
  276240 1333131313333333133133133313131111133313331131131313331
  276240 2331113313313311333331131333311131333
  277271 1123331313333331133131131113131113131333311133113311331
  277271 2333113331313111331111113113311131133
  278231 1313331333333313331133113313311111333333331333333313311
  278231 2331133313311313331331333311313331331
  279230 1311333133331331133333111311131131133311311113131311331
  279230 2333113311111111331311113311311131333
  280221 1333331113331331133313111311131131111333311131133311311
  280221 2311133311313131331311313111311331133
  281261 1131311133133331133131133111131131313313111113133313331
  281261 2333133313111111331311131313111133333
  282230 1333331113333333133131133131131131133331111111131311331
  282230 2311111313313311133311133313311131333
  283210 1311331133333133333313133333133333111333113311133311331
  283210 2311331333131113133331331133331333312
  284231 1313133333333133333111133113311331311333113131133311131
  284231 2311333133313111133133131133313313313
  285271 1333111113333131133111111313111131131333311133133311311
  285271 2313313313111111331311111113313311133
  286300 1113313313333111331131111113111111113333113111131113331
  286300 2333113313311311313311113111111133133
  287320 1113313133333311133113111113131111133331313113131111131
  287320 2313113331131111131111131111111133133
  288230 1131311113333331233311113113113111113311111111133313331
  288230 2313313313111311131311113111111131111
  289210 1333313113333311133333111313133131111333313131133313131
  289210 2313113333331131133311132133111333333
  290190 1331113313133131133313133333313111311333313331133311331
  290190 2331331333313131333311333133131333311
  291230 1333313113333331133333111113133131131331313133133311333
  291230 2333313311111311331311113313313331333
  292210 1333313333333131333331133133331333131332332111133331333
  292210 2313333313333331311333133333331331133
  293200 1331133333111331132311113311333133133313312331231131313
  293200 2313331311133331313331331313113133131
  294190 1333331133333311333331131313311333313313311333131311331
  294190 2313311131113331331113133113311133133
  295200 1331333123331113131113131113131131113321313131113311331
  295200 2333333311113111333111133113111131111
  296240 1131133333333311133131131113131311131333113111131311331
  296240 2313111331131111333111113131111131333
  297241 1333313113133331133131131313111131111331111133131311331
  297241 2313333331133313331311113111311333333
  298200 1133313133313331133111133113111311333333311131113313331
  298200 2313113313131311333311113131311131333
  299260 1331113333333131113333113133131331311333313133133311331
  299260 2333133313113333333333133333313333333
  300310 1333133133333331133111133313111111111331111331133313331
  300310 2333113331113313333311131311313333333
  301210 1333113133133111333313113313113111111333313113133311331
  301210 2313131313131333133311333111111111333
  302220 1333313333333111133133131113311111111333313131133313133
  302220 2311313331133331133311331133333333333
  303240 1333311313333331133331131113113131111331311111131311331
  303240 2133133333113333333311131313313333133
  304200 1333113113333331133311131131133131131313311111133311333
  304200 2313333311333131331113333313311333131
  305220 1333311113333311133333131111133333133113333111111311311
  305220 2133313331133111133111333311311333113
  306220 1313133113332131133311113311313131333331333133133311333
  306220 2131313313133111331313231331331313311
  307311 1311331123333331133133111311133311331331313133131313331
  307311 2333113311313111331311333111311332331
  308251 1331111113333311333131133113131131111333311133133311331
  308251 2313333333313313333331113333313333333
  309261 1333133113331331133111133313311131311333311313131311331
  309261 2313113311111111331111113313113313333
  310241 1133113113331133331311133313133133111131311133133311331
  310241 2331113313313313333331133133313333313
  311211 1233313333333333131313133313331331131333311333133313333
  311211 2333311331313113333331133133313331333
  312221 1133133313333313113333131113111111113333133131133311131
  312221 2331333331131113133311133133213333333
  313321 1333313133333131333311333313311131112333333133133311331
  313321 2313333313311333333311111133331333331
  314331 1133313313333113133113131311131311133333333333131111333
  314331 2313313333311331133311333111313133333
  315201 1133311333133131331311333313331331111333313131133111131
  315201 2311331333131131333311331133111333133
  316251 1333331133333131333113133111111133113333111133133311331
  316251 2131333313313313333311133133313333331
  317271 1311313131311311331113111111111113133313311311111311331
  317271 2333313311111313333111131111111133133
  318231 1311233113333133133331131313131131131333311111131331333
  318231 2313331311311311331311113113313333333
  319241 1133333133333311333133111113131133131333311313131331331
  319241 2313111311131111331111113133113133133
  320231 1133333113311331333133131333331133113313311131131331331
  320231 2331333333133311333311323113131333133
  321281 1133313113333133333111233313111111111333111133133313333
  321281 2113313313333311331111331313311331133
  322261 1333331333333133331313131313313133111331313133133313331
  322261 2311333333333313333311331133313333333
  323231 1333133111333331133131111313111131333333311133131311333
  323231 2333113311313111331311113313311131333
  324291 1333333113333311331331113313113131111333311111113311331
  324291 2333331311111111331111133113311133133
  325371 1133313333333333133333131113113331133333311113131311333
  325371 2333313333133313333313113313311131333
  326340 1333113313233211133133133111131131113333322111113313333
  326340 2313311331113111131311113113113331333
  327291 1331113113333311133131111113111131133311311113131311331
  327291 2313113311113111311111113111111131133
  328261 1133313133333311331111133113311131113313311133113313331
  328261 2333321313313311333311131113113331333
  329231 1131113113333333133113133313331133111333311313133311331
  329231 2311333313113313333311131333311133133
  330281 1331313113333331133131113113111111113333311133131311331
  330281 2331133313113131333111113113111331333
  331301 1333311113331333333111131113131133111333111131113311331
  331301 2313133313331313331311111113311321313
  332221 1131311113333333131131133113133311133333111313133311331
  332221 2333313333333313333311113313111333133
  333271 1333113133333331133113133113111133111133333331133313331
  333271 2313133331311113133311111133313331333
  334201 1333313133333331333113113133311111131313313131133331331
  334201 2333333333313313133131133313113311333
  335250 1131113133333133133131131113111131131313313133233313331
  335250 2113311313111311313311133313313331333
  336230 1333333131333133331331133113313331111333323133131113333
  336230 2333313333333313111333333333121131333
  337281 1133313113333331333313113313331133111333313133133313331
  337281 2333133131311131333331111313331113333
  338231 1133313131333113333311113313311131111333311131133113331
  338231 2313333313113113331311111311313331313
  339270 1333333313333313133333133313113131133331311131133311331
  339270 2313311331113311133311313333313331333
  340261 1331311113311331333333133313131131113331311133133311331
  340261 2331333313111313331311113113311333313
  341300 1333113113333113133331133313113113133333311133133311331
  341300 2313313331131133133311311133313311111
  342291 1333311333333133333311133113313313311333311133133313333
  342291 2311333313133313333333331133313333333
  343210 1313233111332131331313131113311133113313311133313313313
  343210 2331333323111331331331311113313113333
  344250 1333133113333131133111113313313113111333311113133311331
  344250 2331333313311133331311111113111133333
  345210 1333313333333131133131333313311131113333311133211311331
  345210 2313311311311313333311131333313331313
  346270 1131113113333111133311111311111131131311311111133321331
  346270 2311111311111131331311113113311331311
  347371 1133133333333333333313133113133311131333311133133111333
  347371 2333313333311113331333331133313333333
  348291 1333132113333131133111111333111131111333311133131311331
  348291 2313113311111111333311111313311133333
  349301 1133113313333333133133131113131131331331311131133311331
  349301 2313313331313313331311133111313131333
  350240 1333313113333311133331133313133131311333311131131311333
  350240 2313313331313111331311131113311333133
  351341 1133113113333133133313111113111113131331311133131311331
  351341 2333311311113113333111313111313131333
  352200 1333113113331311131331133113111111131333113111133311331
  352200 2313311331111311131111131133111331133
  353281 1131333113333131133131111113131233111333311113131311331
  353281 2313111311111311331111111113311331133
  354331 1133113113333311133311133113111111113333311131131311331
  354331 2313313311313111131311113133311313313
  355291 1333313113313331133133113313313331331333313113131311331
  355291 2133113311113111331313113133313311331
  356491 1333313133333333313113133313113131313333313131133311333
  356491 2113333313313113131311111331313331333
  357231 1333313113333113131333133313131311111333113111131113331
  357231 2113333331133333133313333333313313333
  358561 1311333113333331133133123313111133131333323113131311331
  358561 2323313311313311333111113313313131333
  359351 1333313133333131333313113113121331111333331131113313331
  359351 2313333313311113313112311333233333331
  360260 1131133113331311133133111111131131133313311133131311331
  360260 2113313311311113133311113113311131333
  361221 1113313313331113133333133113133331133331333333123313331
  361221 2333333333331331313313133313311131333
  362291 1113113113333331133131133313131131111333313133131311333
  362291 2113311333133311333311133333313133133
  363251 1333113333333133133313133113332131113333333133133331333
  363251 2313333333333313333331133133313333333
  364421 1333331133331331133311111313331133131333313133133311331
  364421 2313313333131313331333313113111333313
  365491 1333333113333313133133111113111131111331311133131111333
  365491 2311111311113111333331113133111331333
  366220 1133113113133133131331131113111311131331313111133131333
  366220 2313311331111131133311131333111333333
  367231 1333131111333333131311113313111133313333311131133313331
  367231 2333133313113111331311111313311131333
  368260 1333331333331333333123131313111131133333311113133313331
  368260 2313333311311313331311131313313131133
  369190 1313133313333113111333133113331333313313313131133311331
  369190 2113333333133311133311131131313331313
  370261 1133313113331331133113131313331111131333133113111313331
  370261 2313311313311113333131131331311331333
  371231 1313113333333131111133133113133133311133311133133311333
  371231 2333311333311133333331331313113331333
  372231 1133313313313313131313111313131111131333113111111311131
  372231 2313311333111333133311331133113313333
  373220 1333313113331311131131133111131311111313313131131311331
  373220 2313111131133313133331333313311333333
  374290 1133113133333331133313131313131331111333133111333311131
  374290 2313311331313133133131131133313331333
  375251 1333311133332331333313131333331133131331311133123333331
  375251 2313333313331312321321113333311333133
  376301 1333333113331331133113131333113131113333313331131311331
  376301 2313333333131133333111133133331331331
  377280 1133133313333333133311111313111111331333311113313113331
  377280 2113313111111131333311113113313131333
  378250 1333133333333311331113132113311111111323313133111311311
  378250 2333311311111311331311111113113131333
  379241 1133133113311113211331111113113133113311111133131311231
  379241 2311131333111333333111133131111133331
  380280 1133113313133131133131133113131131131333311133133313333
  380280 2331333213313333313331131313111331333
  381301 1333113113333311131331111313131131113311313111131313331
  381301 2313111311111311313111113113311131133
  382220 1333313113131131133111131313111331111333111131111311331
  382220 2313133333111113333331131131111331333
  383280 1333133133332111333111113113311113213311311133123311331
  383280 2311313313113311333111331133313133333
  384220 1333111133331331333113111313331111133311111131133311331
  384220 2333313313313113333313311113333333313
  385251 1133333113333311133333131113133311133333131131333331333
  385251 2333111331313311133333133113111211111
  386240 1333313113133333333311131331131113131333311111111311331
  386240 2333333331113333131311333131313333331
  387250 1333313313133331132111111333131231113333313133133331331
  387250 2313333311333311333111113331111331333
  388230 1333333313333133113313131333111133311133113133313311331
  388230 2333313333111133333311113133313333313
  389300 1333333133333311133133113133113331133333313111131313333
  389300 2333133331133113133133313113111333133
  390210 1333331331333111331333133313311113111313311131133311333
  390210 2313111311113331131111113131113333333
  391360 1133133313333311133333131113131113113131313131133313331
  391360 2313311331113113133111131121333331331
  392270 1133313113333333133313133313111131311333311111333313333
  392270 2331333333331313333331131133311333333
  393310 1131313311333313113331131113133331131331113333133331131
  393310 2333313131311311333313131131111331131
  394240 1333333333313133331313133313311331311333113131133313133
  394240 2113331333313333133313131113313333311
  395270 1333333133333333132123113133111131311331311331113313331
  395270 2333113313113111331311111113111131333
  396370 1131113333133313131313131113131131331333311111133311333
  396370 2311331313313113333331313133313313133
  397220 1333333333331133333333133333311333131313311131133311333
  397220 2313331333113331133313131131313333313
  398260 1131133113333131133113131113131331111333311113131331313
  398260 2133313311113113313111111113113133133
  399240 1333333313333331133331131313111131133331313313131311331
  399240 2313311331113111313111333131311331333
  400301 1333313133333331333333133313111131133333313133133313331
  400301 2333133313113311333311313131333333333
  401271 1333311113333331133131111311111133133331311133133313331
  401271 2331113313111111331311113313313331133
  402240 1333113333123333111333131311133111232333313113331311333
  402240 2311312331131113333313311133113333333
  403190 1333313333333313113333131313331331113333313133133313231
  403190 2333333313113311333313133313311132333
  404250 1133333313333331133133111113111111133331311111111311331
  404250 2313113311111111331111313111121131133
  405220 1133313113133313113313131113131311311333313131331311133
  405220 2311311331111131133313133133133331313
  406250 1333333313333113331313113113311311311333313131133311331
  406250 2113333313113131133111331133311311133
  407290 1333133133333112133313133313111313112331111131133311331
  407290 2133113331113313333331313111113131113
  408210 1333333331333111333333111113131111113333311131131313331
  408210 2333333333131311131311333133113333333
  409210 1313313313331331133311113333113311111333333113131313333
  409210 2311313313113333333111131333313333133
  410251 1131113111111311311133313313311331111113311133133313331
  410251 2313333331311131331131131113133313333
  411371 1133311133333313133311111113111133131331113133133311333
  411371 2333113311111113333111113131111133333
  412221 1131313133333113133133113113111111111333311111133111311
  412221 2133131311313113131312221111113131133
  413251 1331133113333331133133111113131113133333311133113311331
  413251 2333113313111311333311113113311131333
  414291 1313313113331331133133111313112131132313311113131311331
  414291 2313113311111111331311113113111132113
  415221 1333333133333113133211333113111111113333111111111111111
  415221 2333333333333333333333331133333333333
  416250 1133313113133111333313133313111311111333311133133313331
  416250 2333313333333113131111111111311331333
  417190 1313313113333131133333131113133133133313311133131331331
  417190 2313131333313333313133113131313133133
  418220 1313313333313331313333333113133311133313313113333311331
  418220 2333333333313313333333133133131231331
  419180 1133333313332331333313131113133333131333313131133311331
  419180 2313333333333331333311333333311333333
  420210 1333313133333331333331133313313331133133313133133331331
  420210 2313333333313311331311333133313331333
  421271 1333113333133313333311333133213333331313313131133313331
  421271 2313331313311331133331311313113313313
  422301 1333313113333331311133113333133111313333111331133311113
  422301 2333331331313313133311131333311331333
  423251 1333313333333131133131111113111131111333313133133313331
  423251 2313331333311313333311111313313331333
  424271 1333113313333331133131131313113133133311113133133311331
  424271 2333313311111111131111133113111131333
  425311 1111333113333331133131111313111133133331311113131311331
  425311 2331111311311313331311113133313331333
  426271 1333113113333331333131133113111131111333311133131311331
  426271 2311113333113111333331133113313131333
  427241 1331311113333331133113131313131133111331313113131311331
  427241 2333113311111132333311311111311333133
  428221 1333311113331331133131113113131131133313311133133311331
  428221 2333133333313333331313333113313333333
  429271 1333113113333333133131113313111333111333313113131313331
  429271 2313333313311113331311113313313333333
  430231 1133313113333331133131133113133131333333311131131311331
  430231 2313133333113113331111133311111133333
  431260 1331331113333331133113113113133133133333111131133313331
  431260 2113133313113311331311313331331313331
  432250 1333213313333331133223131111113133133313111131311311111
  432250 2333111313131133331311131111111111113
  433341 1113313113333311133331131333111331113313111311331311331
  433341 2333333313113311313311133131111331333
  434210 1131333313333131133313133311131311111313311111113313331
  434210 2131113333311113331331131333313313333
  435281 1333131331131133133313133113313313311113313331333311313
  435281 2131333313311133111311311133313313311
  436300 1131311313333113133331131111133113113333313111133333331
  436300 2311313313113333133311133133311331331
  437251 1331133113333331333131131313111131131331311133133311331
  437251 2313313313113111333111113133313331333
  438261 1331133113333333133333111333131133133331313131311313331
  438261 2331113311131111333331113113311333331
  439220 1333333133333333131131111113311233131313311333331311331
  439220 2131313313111313313313111113111131131
  440321 1333313333333333113313131113132331331333112131133313333
  440321 2313333313311113133311111133113311313
  441231 1333331133333111333113113133111131131331111113131311331
  441231 2311333331111113333311131113111331333
  442301 1331113113333131131133113113113131133333313133131311333
  442301 2313333333331311333331133113313313333
  443271 1133313333333311331313131313131111331333133313111313333
  443271 2333331333111133333311331133111333333
  444261 1331133131333331131131113313111333113313311313133331311
  444261 2333113311311311331111113113311331333
  445250 1131113113133111133133131133113111131331323111131311333
  445250 2113111331111111333311131113113313331
  446260 1131331131333311331111111113111331131333313113133111331
  446260 2331333313111131333311113113111333331
  447271 1333113331133133133113131113111111311113113331113113131
  447271 2313111333311113133111131113313113333
  448321 1333133333331131133111113313311133113133331133133311331
  448321 2333133313313313333333331333313333333
  449331 1131113313131311133333313311111311311313111111313113331
  449331 2113111333111333131311131133313111333
  450221 1113113133333331133333111113131311133333313113131131331
  450221 2333113311233111331311113113311331331
  451250 1333333313333333333311131313133131311333331111133313333
  451250 2333313331113131333331333333311133313
  452341 1313113113333333133333111113311131133333113111133311331
  452341 2313313311131133333311133313313311333
  453311 1133313311331333131133133313113311331333113131313111333
  453311 2313313333313133131313313131313311133
  454291 1131113313333133133133111313113131133331333133131313331
  454291 2333313311111313333311113133313333333
  455221 1333311113313133331313133313311311331333331331133111111
  455221 2313333333333311313331311131333333333
  456301 1333113311333131333111111313111131133331111331111311311
  456301 2333113333333111111311331111133313333
  457351 1113313113333311133131133113313311133331113111133311331
  457351 2311133311111113333311133313311331333
  458301 1131113313333313133331113313111311311333133111333111131
  458301 2333333331113113133113133313111311333
  459240 1133313313333113333333111113111111131333111113111311111
  459240 2313331311113111111311133131111131133
  460281 1333333133333313331333111113133111111311113131111211223
  460281 2331311313131313331133313133131113313
  461280 1333333113333331133131131113113133113333111133131311331
  461280 2331113331131111333311133113311333133
  462211 1313333133131311133131113111313113133131331111113131133
  462211 2333113323313111131133331113333331333
  463351 1333131113333331133113111113131131133331311133133311331
  463351 2333313311111311331311113131313131133
  464421 1133311233333311133133111111133111331333333331131311331
  464421 2333313311331111333311313113111131133
  465521 1333113113331311133113111113111131333331311111133111333
  465521 2313313331331311333311113131113333333
  466331 1331313113333111133113111113111131113331333111131111331
  466331 2311113331111311331111113111311131333
  467261 1133313313333133311313133131133113111113133131333313333
  467261 2131331333331313311313113313331333311
  468331 1333313133331111133113131111121331131313133113133313331
  468331 2311333333111111333113131313333231211
  469231 1333113113333313331133133313113113313331311123131311333
  469231 2313113333113111111311131133311131333
  470321 1131113113333331333113111113131111111333311113133311331
  470321 2313111311113111331111111113311111133
  471280 1313333133333131333331111313133333113333331133131313331
  471280 2113333313313113331111111133313331333
  472311 1133313113333333133333131113131111133333113133133311133
  472311 2313311313111313333311111333313333333
  473211 1331333133331331133131113313311131133333311133113311331
  473211 2113133211331111331111113111331333331
  474301 1333313113133333133313133113313311333333333133131311331
  474301 2313133333313113333311313133311133333
  475251 1333311113331333131331133311111131133331331113331331331
  475251 2313133311111313331331111331311331331
  476461 1133313333333132133313113113113111111333113133132311332
  476461 2211333333121113333331331113313333131
  477221 1333331131331311133331133131313133113313313113113311331
  477221 2331333313331113331331113333331133333
  478480 1333133313333333133331131313111311331331331133311311333
  478480 2333313131313311333113113133313131333
  479180 1313131131331133133111113311111133113113311333311313331
  479180 2331333311312311331333111133313333333
  480190 1133333133333331333313113313113331313333113111313311333
  480190 2333133333133133133313133333313331333
  481211 1331333333333131331113113313311133331333311131133311331
  481211 2111331313313311333331111313313331131
  482271 1133113313133333113331133113131311331333133131133313131
  482271 2113311331133111133313111133113313333
  483221 1133113313333313131333133111111131111333313313333313333
  483221 2331311331113313333131313131113313333
  484251 1333313113333131133313113311111131111333313111131311331
  484251 2333311313113311331331133133313331333
  485271 1133313113333131333313113113111113111333313133133311331
  485271 2113133313113131333311313313113331333
  486260 1131113313133313333333131133131331313311133111113313333
  486260 2333113311113111133313113131311113333
  487200 1113133331331331133111133313313131113313131333333313331
  487200 2331333333331311331313113111313133313
  488261 1333133333333313333313133113131111313333133131133313333
  488261 2313333333313133333313131113333331333
  489311 1333113113333131333331131313113131133333111133131111331
  489311 2313113311111111333331113333313131333
  490220 1333133333333333333313133313111331311333333131113313333
  490220 2333333313111133133313111133313111333
  491220 1333133313133313133313131111131311311333133131133311331
  491220 2313311313111113133313133133113311313
  492290 1333333313233131133313111113121311111331111131131311331
  492290 2311213333111331333111111333113333313
  493190 1313113313331331133111313331311131113313311313113333311
  493190 2131333313311113331331111313313333333
  494230 1333313113333331133133131313331333133333313111133313331
  494230 2313313331113131313311133113311333333
  495320 1133313113333333133333131113113111133333311111131311331
  495320 2332113311131131133311333131313133333
  496210 1333313333333333333313111313131331111333113131133313331
  496210 2333313313313311133311133133333333333
  497280 1333313113331131333331131113131133313333311113131311331
  497280 2133333331111113311311113113311331333
  498220 1133313313333331133333131113111131113333313131131311331
  498220 2313313313113131333111111133113331333
  499200 1313333113333131333111133113133313111333111111333313331
  499200 2331333331113133333311133133313333333
  500300 1333133313333311333131113311311331313333311113133313331
  500300 2313113313113311331313113313111333333
  501230 1333313313333313133333131113313311131331133111131111131
  501230 2333313311131311333313131111113131333
  502270 1133313333333133333331113313111131113333111133133311331
  502270 2133333331131311331111113113311331333
  503290 1131313113333331331331111113111131113333111113131311331
  503290 2313313311111111331111113111111131133
  504260 1333333333333131333331133313133131131333311133133311331
  504260 2333333333111311333311313133313333333
  505230 1333313313331333133333131113131111111333311113131311333
  505230 2313333313113311313331133131331311311
  506200 1333113313111131133131111111131131113313113111111311331
  506200 2313113311111131111311111113113313313
  507200 1333313333133113313313131113131113131331133311131113331
  507200 2331313331311331131311131113111331313
  508370 1333333313333133333313131313111131113333311133133311331
  508370 2313313311111331331313333131313331333
  509431 1333313313333133133311133113131131113313313113131313331
  509431 2333331313111113333331311133313333331
  510201 1333133333333131333311333313311331313333111333133313331
  510201 2313133313333133313313131133313331333
  511301 1333333313333333333333131313131311133333333111313313333
  511301 2333333331311113333331313133333333133
  512281 1233311313333333131333133313131131113333313113331331333
  512281 2333333313311113333331313313313333333
  513181 1333333333333133333311133313311331311313131133113313331
  513181 2133333313313311333313111133313311313
  514201 1333123133333131132111113311111131113113311123123311331
  514201 2131133313311113331311111113323333113
  515231 1323113113333333133113131113111311112133311313313331313
  515231 2313113311111111333111333131313113333
  516191 1131333133331131333111113331313133113333311333133311331
  516191 2131133313333113311331111333313333311
  517321 1333133113333111133131111113111131113331311133131311331
  517321 2333113311111131331111113313113131333
  518591 1131113113333331133113111113131131331333313111131311331
  518591 2313313311111311333111113111313131333
  519301 1333313333133131333113131313133131313333111331133313133
  519301 2313333333331133133311131113113333313
  520231 1333331113331313133131111313131311113333311133133313331
  520231 2333331311131111333311131113313311333
  521461 1333133331333313313313133311311311311333131133333313133
  521461 2133311333313313333313131133313313333
  522211 1311313133111131133311113111311133113113311333333311333
  522211 2133133333111131331111111331111331313
  523171 1133313333333333333311133313131331311333331333313313333
  523171 2113333333333331333313111331313323333
  524390 1131333133133311333311113113311131131333311111113111331
  524390 2133331313311133133311111133113311313
  525181 1333333133333133333311113313311133311333311133133313333
  525181 2113333333333133333311131133313323313
  526231 1113133331333133333313113333133111331333313131113111121
  526231 2133313313331131111333333133113313313
  527240 1333113333333333133311313311111131111333311111133313331
  527240 2313313333113131113331111113313311313
  528340 1113133113331331131311311311311311313333331313133313331
  528340 2133311331113133331313111133313331333
  529220 1333313333333333333323111313131311311333333211133313333
  529220 2333313331131311233312133131313313333
  530260 1313133333331331333111113111313111111313111133113313313
  530260 2131133331313113311311111133313333331
  531230 1313331313331131131111131313111131113333313333133311331
  531230 2333313331311311333311113331313331113
  532261 1331133113331331133131111311131131131311311313111311331
  532261 2313111311111111331111113111311131133
  533421 1313333333333313333313133113332311313333213131133313331
  533421 2133333333313133131313131133333333313
  534210 1331133333333133133313113313111331333313313113133311331
  534210 2113313311311113333333111133313331333
  535261 1133113133133111111313113113331311331333113131333313131
  535261 2133333313313113133113113133313311333
  536231 1113133333333133333313113333333313311133133131113111131
  536231 2133331331333131111333333133133313313
  537471 1311313111331131133311133313131131113313313133133313331
  537471 2331133333131111331311311113311133333
  538361 1333112313233333133333111313121111131333311311131311331
  538361 2333313331111313333311333113311333333
  539211 1331131133331131333111113311311131111313121333333313332
  539211 2111133313331313333331131313311333333
  540201 1113131313333133133131131333313131111333111131133311331
  540201 2131133313333311333311313333311313333
  541241 1133113313133331113311133313311331313313113131113313333
  541241 2113333331111113133313131333113311333
  542240 1133133333333113331313331113133311311333133131133311333
  542240 2133333331113331133333131133313313333
  543260 1131113111133331133313113111131111131311113131313113333
  543260 2133133333111111131311133133313311133
  544551 1331133113333311123333113113113131312313111133113133331
  544551 2333133331311311333311113133213322333
  545280 1133333313333111133331131313113131133331311131133311333
  545280 2333311313111331333111133133313331333
  546271 1133113113333131331331133113313111133313311131333111331
  546271 2113331331131133331311311313313311133
  547391 1333113133333333133133113113131111111333111133133313331
  547391 2313133333111133333311313133313313333
  548321 1331131133131311131113111313131311133311113111131331331
  548321 2333113331113311331331131113113133133
  549370 1133113313133113113313133113131111331331133111133111133
  549370 2313333331113333133313111133113113333
  550221 1333133113133331133113133313111131111313111131133311331
  550221 2331333311311111131331113333311311333
  551221 1333111113333111133113133111133131113333313111133313331
  551221 2113333313311113331331131313113133333
  552221 1333313333333131333333133333311331111333111133133311331
  552221 2313331331331111331311331313313333333
  553311 1333133133333333133311111313111131131333311133131311331
  553311 2133113311111311331311113311313131333
  554311 1333113113333333133113133313111133111333131131111113331
  554311 2331333331113133331311133113311331231
  555261 1131133133133133133311113311311131313313111131113313333
  555261 2133133313311113133331111333313311333
  556391 1132111113333311133333131113111131331311113111333111331
  556391 2333131311113111333311133131311311333
  557210 1333313213331111113331131113313311111333111113133311331
  557210 2313333331111313133311333133311131333
  558280 1131313113333311133333131111113331111111111111133313331
  558280 2313333331113133133331131133333133131
  559210 1113113333333133133333131313311313113333311111333313331
  559210 2113333333313131333313111113333333333
  560190 1333313111333332333311133313331111133333311131133313333
  560190 2133133312133331133311131333311133333
  561220 1331313113333313133133111313113131133333311113131311331
  561220 2333113331311111333311113113311331333
  562240 1333333113333333133331133313113331111331311131333313333
  562240 2331113333111113333313131313113131333
  563210 1313331311331111133313133133113331311333311111133312131
  563210 2313313313313131333333133133131331313
  564220 1333313333331331133333131113131331113333311113133333333
  564220 2333333313333333333333131333311133133
  565260 1333313113333311133313111113131311333333313113133311333
  565260 2333313331313311333113113333313331333
  566380 1133133333333313333311113113131113331333311133112321333
  566380 2333313331113113333311133133113131313
  567320 1131133113333331133333111111133131113311311133133311331
  567320 2313113311311111313311113111311331233
  568200 1131131313333111133331133113311311131333111133133311131
  568200 2313331331311311133311131133111131333
  569270 1331313133333331133311113313111313111313331131113313333
  569270 2313333311113111333313313313311131333
  570200 1133313133333111333331133133331311311333313331133331333
  570200 2313331333113131133111331133111313333
  571240 1333313133333331133131111313113111131313313111111111131
  571240 2333113311113131333131313133311131133
  572200 1133313333333313133113131113131111111333133111133311331
  572200 2313333331131333333311133133313311313
  573230 1133313113333331131333133313131131131333331113131311331
  573230 2313313333113111331331133113311331333
  574200 1333333333333111333333131113133131333333333131133311331
  574200 2333333313333131333311133133333333133
  575200 1333113213333331133333131113131111333333313113321223331
  575200 2333313311331313333131333313333333333
  576190 1333333333333133331311333333331313111333313333113313231
  576190 2313313333133333331131131313333333331
  577190 1131313113333331133333131313131133131333311131131333333
  577190 2331113313113131313311113313313331133
  578220 1333113333133131333311133313313333311333331133133313333
  578220 2113333311133131333333131333313313333
  579240 1333313333333111131313133113333111111333313331133333133
  579240 2113333313333333133311311133113333313
  580251 1333133113133311133113131113111111131311111133113311331
  580251 2313133313311111133311133111113131133
  581220 1133333333333131113111113113111111133333111331131313111
  581220 2311132311333131333111111111131331313
  582310 1131113133133133333333131313113111131331313113133313331
  582310 2311313313313313333311111133113333333
  583360 1113113333133133113313131313131311331333333131133311131
  583360 2313313333333113133313331133113313333
  584220 1333313313333313333133331113131133133331311131111311331
  584220 2333313313331111212311113133111133133
  585210 1313331113331131333111131313313133331333311333113311331
  585210 2311131313311113331311113313313333333
  586230 1333333133333133133313133313333133113333313131133333331
  586230 2333313333313333333333333333313333333
  587230 1133313313133311111111131113131311111132131131313131131
  587230 2311331133131313131313113131313131112
  588240 1131133113233311133133131113131111113331321113111311311
  588240 2333133311111311333111313311311133133
  589200 1331311133333311133133111113111111131333321111113331111
  589200 2333113311131111321111111111111131133
  590200 1131133113313331133131131113111311113331311111113311331
  590200 2331313311111311133111311113111131133
  591280 1131133113333311133333131113133113331331311133133311333
  591280 2331133311333133333111331313313333333
  592210 1333313313331131333133111313333331333333311133131331331
  592210 2333333311313131333331113133313333333
  593200 1333111313331331133133131113131133133133331113133311311
  593200 2333113312331313113113131131313131313
  594220 1133113123333131133313111113113131111133311111113313331
  594220 2333133311111131333131113131311131133
  595220 1333313113333111333111133113333133113331313111113313311
  595220 2311331333131311133311111333313333333
  596240 1331313113333331133113131313111331131331113131131311331
  596240 2313313311313111122313313333313133333
  597210 1313313313133313133313131113113311111313113113133311133
  597210 2333313333131331133311333133111333133
  598270 1333133113333113333113133113131131111333111133133313331
  598270 2313131313111131333311133133313331333
  599210 1133333333133113333313133113333313313333111131133313131
  599210 2113333333333133333311331133113313333
  600210 1331133113331311133333131313131331111333311111331311333
  600210 2333311331313131133311313133311333333
  601210 1333113313331113131311131113113131123333311111313111133
  601210 2313111313311331131331111131311131333
  602210 1333133133333333333333131313133331333333313131133313331
  602210 2333333313333311333333333133311333333
  603211 1333313133331331333131131113311131133133311311111311311
  603211 2313113331111311111111131313111313133
  604291 1131113113333331333111113311331111131313113133133313331
  604291 2311333113111113331331111113313331333
  605230 1313331333333111133331131313313333131333311113133313331
  605230 2313333331313121133113333313313233133
  606250 1333133333333113133131133113311333111331311131133313333
  606250 2313333333111313133113313111311331333
  607300 1313111333133133131333131313111133113333113313133311331
  607300 2313311331113333333311131133311313333
  608300 1133313313333313133332131313133331131331313111131313333
  608300 2333313331133331333313133331313333333
  609240 1333333333333313333331123313331331113333311131133313333
  609240 2113333333333331333311131233311311133
  610190 1313333331333333131311133333313313333333133333133313331
  610190 2133333333313133333313133133331333133
  611190 1333333113331331133331133113331131111333313333133313331
  611190 2311313331311311333311111113313133333
  612220 1333333333333133333313133313133133113333311133133313333
  612220 2311333313313133333311111133311333333
  613200 1333133133333333133331131313313131313333311133131313331
  613200 2333113313123133331311113333313331333
  614221 1331313113111113311111313331113113311311133311311133311
  614221 2331331311331333311331111313133113131
  615261 1333133113333333333331131113133133131333313131131311311
  615261 2333333333313311333311133313311311133
  616311 1333313333133333133313133313111333333333331333133311331
  616311 2313313313333113333111113333113331313
  617290 1313331333333133133313133313333133113333313113133313333
  617290 2133313333131333333313333233112221333
  618260 1333311113133111133131111113111111113333311131131313331
  618260 2313313311111111331111113313113331333
  619290 1331133113333331133331111313111131113331311333111311331
  619290 2313111311111313331311113131311131133
  620260 1333333113333133133331113113131111113333311333331312331
  620260 2333333313313113333311111133313331332
  621280 1333311113333333133333133313113131113333313131131311331
  621280 2313313311313311333311313131313333331
  622221 1333313331333333333331113313133131333333331331313313331
  622221 2311333333131333333331311113331333333
  623231 1133313113333331133133113313131131333333311131133313333
  623231 2313333333333311333311331313311133133
  624211 1333111311133131313133111113333311133333311111223333331
  624211 2311333333333333333333333333333111111
  625190 1133113313331311333131131133131333311333111331333313333
  625190 2313331331311113131111111113111331333
  626220 1333333113333331133133111311111131133313311113131311331
  626220 2333113311111111331111111113311133133
  627201 1331313113333131133131113111111131133313311131113311331
  627201 2313133311211111331331311113123331331
  628231 1331113113131331133113131313311311131333313111131311333
  628231 2333113311331311133311131331131313333
  629250 1333111113333311133331113113111311113331313111131311331
  629250 2313113331131311331311332331111333333
  630270 1313313113333131333331133113313331113133311133133313333
  630270 2113333333133333133313133333333333133
  631240 1311311133331311133133111131131131133313311111331311331
  631240 2131133313331311111131113333111133133
  632251 1333333333133133133312131313133331313333313131133311333
  632251 2333313331313131333311333131311333133
  633200 1333313333333331131333131313133331133333313133133313333
  633200 2333133313131331333311113111211133331
  634321 1331111313333331133133111113111111133313311111333111331
  634321 2331313311333131113311333111111133133
  635230 1333311133333111333333131113111131111313333131113311131
  635230 2333313313111331331311133333313331333
  636230 1313331113331331133331111311131131133113111113111311331
  636230 2331113311111133331311113311311133331
  637281 1111111111111111111112131313332323231333331311111111123
  637281 2311112313331113333311111111333131131
  638171 1333333131333111333311113313311131111333313133333113331
  638171 2133331333313113333311113333313331313
  639200 1333113113333133133333131133133131133313313131131313333
  639200 2313333331313331333311131333311333333
  640230 1333333331333331333311133313311131313333311133133313333
  640230 2133333333313133331311131133313333333
  641270 1331312113333311133331311113122311133133111111131311331
  641270 2333113331113311333311133133111331333
  642340 1323313333333113331311133113133331311333311133133313331
  642340 2313333333333133333313331333313331333
  643200 1333313113333131133133131113333111311333313131133311131
  643200 2113313333133331133311133333111133333
  644200 1133313333333331333333133313331311133333333131133311331
  644200 2331333313113313333311333333131133133
  645230 1333313323333331333133133313133311331333313133133311333
  645230 2313333331131131333313331311313333331
  646230 1133313313331311333131111313111111331133133131133311331
  646230 2333313331111331333311133133313333333
  647200 1133313133331313333313113313111111111333311131133311333
  647200 2331313331133331313313333311123333133
  648200 1313333113133133133131133113113133131313313111333311331
  648200 2331331333113131133313133133311333133
  649210 1133313133333312333333133313333131333133313131133313331
  649210 2313333333131331333331333333313333333
  650200 1333333333333112331311133113333313311333311133133313333
  650200 2331331333133331133333333133313313333
  651211 1333313113133331333113133331331313311333311331113333131
  651211 2313333313333111333311313313311313331
  652300 1333313113333331133133111313131131133331311111111311331
  652300 2333113311111313331111113111311131333
  653200 1311333313333331133333131313313331113133131131133331331
  653200 2313133331131311133311331313111333333
  654200 1333313133233331133131111111131131133333311111131311333
  654200 2333313311111311133311131133111133333
  655380 1333313331332331133131131313313113113313311133113311331
  655380 2313113331331311133111111311331133331
  656401 1133113133331133333313131133333131131333213133131313331
  656401 2313333333331313333311111133313213113
  657251 1132313113313313131313131113113111111333313131133113331
  657251 2313313333131313333311331131111311333
  658251 1133333133333313133311131111333113333313313133133311131
  658251 2313313331311111331111313113331133313
  659240 1131313113333331133133111113111131333333311131131311331
  659240 2333133311111313333331113111311331133
  660300 1333133333333333133311131313111133313333311133133313331
  660300 2331313311313133333311113113313331331
  661231 1331113113333331133131133311131131333333311113131311333
  661231 2333111333331123123123313231313331113
  662301 1333313333333333333113133113331131111333311113123311331
  662301 2333313313331311333311233111111333333
  663251 1333333133333111133333111113131133333333311133333313331
  663251 2331333313311311333331333133311133333
  664201 1133133313331333133111133313331131311333313133133113331
  664201 2223131331113111331313133133313333133
  665221 1133311311133111133111331313311331311331313131133133311
  665221 2113331333131331133111131333313313313
  666301 1333333133333331331331133313331311113333313131133313131
  666301 2331333333311111131313113113313333333
  667301 1321331133333333133133131311131331333331311131131311311
  667301 2333113313132111113311113111313133331
  668301 1331313113333331133131131113131131131333311131131311331
  668301 2313113313111111331311113113111331333
  669201 1333313333333133333313133313311131311333311133133313333
  669201 2113333313313133331331131331313333313
  670220 1333113133333113133333331313111331111333313113133311333
  670220 2313311331113111333311131133311331113
  671241 1323133333333133133113133313331131111333311133113313313
  671241 2113333333331331333331333113313331331
  672281 1331131311333121133331131313111131333331311133131311331
  672281 2331313331133111333311131111211333333
  673291 1133313333333331333333133113133311133333313113133313331
  673291 2313313313133333333331333133311333333
  674301 1133313123333133333132131113333333333331312333113331333
  674301 2311213333333331331311331133333311233
  675191 1333313123111311133133133111133111133111313111131331331
  675191 2333313311131111331111133111111133133
  676221 1333333313333333333313133313332311111333313333133311131
  676221 2333333333331333331311333331313333331
  677231 1331111133331311133311111131111131131331111111111313331
  677231 2313133333133333331333333312333333331
  678271 1113113133133331133133111313111111133331313111131331331
  678271 2331133113111111331311133331113233133
  679331 1331313113331311333113113113331111131333311133133311333
  679331 2331313313311311331311113131111131333
  680341 1131133133333311131113131313131111133333111133111311331
  680341 2333313331311313333111131133313331333
  681351 1331313113113311133133111113131131131333313111133111331
  681351 2313113311111331333111133133111111133
  682341 1333313333333311313133133113133111131333313111113113331
  682341 2313333313111113133311113131113113331
  683391 1133333333333133333113133113313311311333131131133313111
  683391 2311331333313113333333131313113331313
  684301 1333333133333333133333133313113333133333333313331333331
  684301 2213333313311113333313333133313333333
  685210 1333313113333133133131133313111131132333311133133311331
  685210 2313133333111111331311133113113331133
  686241 1133133333333131133311333313111131131333311113331311331
  686241 2313331313111113333311111133311331333
  687301 1331133113333131133131113313113131133313311133133311331
  687301 2333311311113113331311313113313331333
  688230 1133133313311331133313131313131131113133311113113313331
  688230 2313131311313311331311131333313333133
  689281 1333311133331311333133131113131311113333113123111313331
  689281 2333331333131311331331331132313313333
  690231 1333312111331131331113113313111131131133312113133311331
  690231 2311133313111313331131111113311333131
  691291 1333113333133333113313131313333313311333133331133311131
  691291 2313331333131113333331131133333313333
  692210 1333333113331131133133111311111131133323311133133311331
  692210 2313331311113311331131311113313333333
  693341 1333133113333133133113133111311133111333311133133313331
  693341 2313313313111311331111113313313331333
  694221 1331111113232132133331133313111331113311313113131313311
  694221 2312113331131133311133311313133131333
  695221 1311333111331311333133133311313133131333311111133311331
  695221 2331133313311311331311113111313133133
  696270 1133333333333131333111113113111111113333311133133311331
  696270 2313313311313313313311113311113331333
  697210 1331313113313131133131111311111131111313113111131311331
  697210 2331111331313311333311131113311133133
  698280 1133313313333333131333131113133111331331133331113311231
  698280 2313313331133331133311313133113333333
  699261 1333313133331133333311113313311131133333311131333311331
  699261 2133133133313113331311111333313131333
  700201 1113111311111133311311313131333313313111131133311133113
  700201 2133111113331131313133311331133131111
  701211 1333313313133331333313133313333331113333311111133313331
  701211 2313333313333333333313113333313333333
  702221 1333313113331333333331331313133131313313333311111333333
  702221 2313333333333333333333333333333333333
  703201 1333333133333333333333333313133131113333333131133313331
  703201 2313333333333331333313333333333333333
  704221 1332113113333331133131131313113131131331311113131311331
  704221 2333313331311131331311333313311133333
  705221 1311313113333331133131131311111131133333113131111311331
  705221 2333313313111111333311133133311133331
  706211 1333311333333131133311133313333133313333331133333313331
  706211 2311333333331131331331331333313333313
  707201 1333313113333331131131111113133131131311111131131311331
  707201 2333333313313311313311333111313133133
  708180 1133313333333311333133131313333131113333113113333313331
  708180 2311333333131331133311331333313333333
  709421 1331131311331311333131111113111111131333113113131311131
  709421 2313113311133311133133111111111333313
  710201 1333111113333331333111113313331111113313331333313313311
  710201 2333133313131321333311113123113213333
  711221 1313313313331311131111131313333111131313131131113133131
  711221 2131313131313311311311313113133113313
  712230 1333131333333333333311113313113113113333311133133311333
  712230 2333333311111113331311313333113333333
  713230 1333311333333331333313333113333113133333333133133333331
  713230 2313333333333331333331333333333333333
  714251 1113331113333311133111131313331111133331311133131313131
  714251 2313131333111131313331113133311133331
  715251 1333331113333333333331113311133131113333311111131311333
  715251 2333333313133311331313111313313133333
  716241 1333333313333311333313133313133113311333113313131311133
  716241 2331333311311111333331333313313333333
  717221 1333113313333131133131113313311131133331311133331311331
  717221 2333333333111331331311133313333333333
  718311 1331331333313331333131113313311133311333111133133313331
  718311 2133133333313111331311113111311133331
  719271 1333333113331113113111111113111131111331311111131313331
  719271 2311131313131113333311311113313313313
  720271 1133313133331331133313133313133331333333331331331311331
  720271 2313331313113111333311333133311333333
  721341 1333113113333131131313111313131133131333111133131311331
  721341 2321113313111311331113131113313311113
  722251 1333311313333132333311333311131131113333323133131333331
  722251 2313313313333313333333333333313333333
  723251 1311313113333331333133133313131131133111313111133311331
  723251 2311313313333111331311131131111133333
  724190 1232113113333331133131113313111131111333311111113311331
  724190 2313313313113311333111121133311313313
  725211 1333333313333133333333133313333113311333313133133311331
  725211 2331333331131132333311331333313331333
  726191 1133131331311113311131311131113111111313113313111111131
  726191 2131133311113111311331311113111313111
  727221 1331113313333331133111131313111131111131111111111311331
  727221 2313113331111111133111131113113111333
  728401 1131311113333331333111111313131111133333311111133311331
  728401 2333113331311111311311113133111131133
  729220 1133313133333331331133133113331133131333313113133313331
  729220 2333333333313331333331111133311331333
  730220 1331131113333331133131111311131331133313313113333313311
  730220 2333113313333331333131331133311333333
  731200 1333133333333111333111133313313311111333311113133313333
  731200 2113331333333131133313331311131333313
  732260 1311113131111133311111131311131311331333111131133111331
  732260 2313311331113133333311333133313331333
  733241 1133313331131113331131133113313131111313331131133311311
  733241 2113331333311333131331331313113313333
  734301 1333113333133133313311133313331331111133133111333113131
  734301 2313333333133313133313333133131311113
  735291 1333113313331131133131131311131131331331313133133311331
  735291 2313313311311113333311111311313331333
  736241 1333331113333231133333113313113133113333321133133313333
  736241 2313313333333111331311333333313333333
  737250 1331313113333331133113111113131111111333113131131311331
  737250 2333313311131111133113133133113322222
  738331 1333313133333331133133131113131311123331311111131311331
  738331 2311113311311311311111113311311131131
  739210 1313333331313111331331133313331113131333311133133311331
  739210 2113331313131313331311131123311331313
  740320 1333333333333231133331131313313133313333311133113313331
  740320 2333333313333313333311113333333333333
  741241 1133313113333331133313113113331111111333313131133113331
  741241 2333131313133133133311333131113333333
  742321 1133113313133331133113131113131311331331133131131311333
  742321 2313313331113311113313133133113333333
  743241 1333331133333133333311113313111133131313331113133311331
  743241 2331133313113111331111131133313331333
  744210 1133331313333333133313111313111131331333311111113311331
  744210 2311313313113131133311133333313131333
  745241 1311333313331131131113311313133133133333313133133313331
  745241 2331333333111113331311133113311333333
  746261 1133313113333331133121111113111133131313311113111311331
  746261 2333113311311313331111111113313333133
  747261 1333133113333331133133133313111131333333311113131311331
  747261 2313311311111111333111313113313331333
  748240 1131113113333131133131111313111111133331311111133311331
  748240 2333111311113111133311113133311131333
  749241 1333113313333333133111131113311111111331311133131311331
  749241 2333333313111311331311113133313333113
  750201 1313313333333313133133133313131333113333313313133313331
  750201 2333313333111333333313331313313133333
  751241 1131313113333331133131111113131111131333313131131111331
  751241 2311113311311113131311133133133131333
  752281 1333113313333133111333111113111111131131333133131113331
  752281 2331133331313313133311113131113331133
  753201 1131333113133313133121113113113113311333311111333311331
  753201 2111333313313311313311131113313313133
  754240 1331311113333333133133111311111131133333311133131311331
  754240 2313113331113111331111111113311131333
  755211 1333333313331131133311131313331131111333313133133313331
  755211 2313133333311311333331133133313331333
  756231 1311333113333331133133131111131113131333311113131311331
  756231 2331313311111311311111133111313131333
  757271 1131131113131311331133113111113113111331313131113313111
  757271 2333131311111321131311333231111113133
  758231 1333113313333333333313133313311333331333311133133311333
  758231 2311333313111111333313111113313331333
  759311 1133311333331133113113113311131111133333133311113331131
  759311 2333333313311313333311133113311311133
  760211 1333331113333313131313331313333111311313113331313313331
  760211 2333133333331333311311131311133333113
  761221 1331313313333311133113133133331111111333311133133111331
  761221 2333333333311313113331113113313333133
  762200 1333313131333331133133131313331311133331311113131311331
  762200 2313313311133111333311333331311131333
  763361 1333113333333111333311113111113333113333311133133311333
  763361 2313333313331113333311131331113331333
  764301 1333313333331331133313133113133311131333311131133311331
  764301 2313133311113331333313133133113331333
  765321 1111311133333311133131111111131131133331313111131311331
  765321 2331113311111311331131113111111131133
  766241 1331313113333331133131131313111133133333311133131311331
  766241 2333113333111111333111133111113133333
  767200 1133311113133311133131111113131111131313313111111311331
  767200 2313113313111311312111113113111111133
  768180 1313331133333331133331131113111311333333311133133313333
  768180 2311331331113333333313333313313333311
  769210 1313331333133133333333133133331331331133311133133313331
  769210 2313333333113131133331333111113133333
  770261 1333313113333333133333131313111131311333313111131313333
  770261 2333333333311131133331131133311313133
  771250 1131313313133311131333111113131131111313113131113111331
  771250 2113333111311313133331113133311331333
  772260 1333113133333331333333131111333131111313333111131313333
  772260 2311311331333131333311333133113133333
  773241 1331333133333133133111133313313331111333311131133311331
  773241 2333111133313133133331133133311133333
  774251 1133111113333113133311133111313111131333111333133313333
  774251 2311333313111113333311131111313331333
  775241 1131113313133311113333131113131311131333113111133111133
  775241 2331311331113113133333133133111313333
  776221 1333333333333333333131133313333133313333313131133333331
  776221 2333333333333333333331333333311333333
  777321 1333113113333311133131131113133111131331113113131311333
  777321 2331113313111111311111133113311331333
  778201 1333331113313133133133113111131111133331111111131313331
  778201 2333333333313311111111113111111133333
  779201 1331313311313333333131113313311133131311111131111311331
  779201 2313333313311311333311113133311331333
  780211 1313313333333133133311111313331133113333113133133313331
  780211 2333131313111113333311111331313333333
  781291 1333313113333132133111133313131131111333311133133313331
  781291 2333333313311113331311131113313333133
  782231 1333133311333133333311131313313133111333311133133311331
  782231 2311333331313133331311131333311333313
  783331 1133313113333311133133113113113131133333111131113311331
  783331 2333313313111311333111313133311333333
  784211 1333313313333311333113131313131331111333313113131313333
  784211 2313333333313131331311133313313331333
  785301 1333313113333333113113111111131131111333313133133111331
  785301 2333331313111311331311111313111333333
  786221 1133133133333131133111113113311131113313311133131313333
  786221 2313333313113313333311111133311331333
  787301 1133113113133131111131133113133111111333111131113133331
  787301 2311333311311311333131331133113333313
  788181 1333311113333133133333133313111111111313113111131131331
  788181 2331333331111311331111313313311331333
  789201 1111313113333313133133111113131111131333311111133311131
  789201 2333313311113111333111133113111133133
  790381 1333311333333333133311131113111133111333331133133313333
  790381 2313333333331113333311113113113133333
  791281 1333331113331131333131113313113113313333111133133313331
  791281 2333313313133113333111113113331331133
  792211 1311313113331311133331111311331331313331333131133111331
  792211 2331113311313311331333311313313313131
  793301 1333113113333313131111131113131131111333313111333113131
  793301 2313133333131311133311113131111333333
  794311 1313333313333131313131131313311333331331111133111331331
  794311 2313113311311113333313111113313333333
  795201 1311311113333311131331111111111131333331313111111111331
  795201 2333111311111311111111111111111131133
  796211 1333333133333133131313113313113131113333311131133311331
  796211 2313113311213311331311113131111333333
  797261 1133313313333333333333131313133311131333313133131113133
  797261 2313333333333333333311131113111333333
  798220 1131313113333313133133111113131131131333311133131311331
  798220 2333113313113311331111113113111131133
  799371 1123113133333331133313131113111111113333313133133311311
  799371 2113113313313111333111111113311131133
  800261 1313331313331331133131113313111133311333111333133311311
  800261 2331111311311311331311113133313331333
  801331 1333113113333133113113111111331131131313311133113313331
  801331 2311111311111111313311113111311331131
  802241 1333131333333111133133133313313331311333111133133313331
  802241 2311331331331313333331333313313333333
  803211 1333113313333333333331131331133131111331313311131311311
  803211 2331333311111311333113311132131313133
  804251 1333313333333133131313113313311331111313311133333311331
  804251 2113331333111313113111111133313331111
  805381 1133113113331331133133131311111113131333311113131311331
  805381 2313333333311313333311113113313333333
  806261 1333313113333331333131331313131113111333313113131313331
  806261 2331133313111113311331311113313131333
  807241 1333133313331331333333131313333333313333313313111333333
  807241 2333313333333333333311133333331333133
  808291 1331311113113133131313111111132113113323331113311111331
  808291 2133113313111311333311113111311331333
  809191 1333333113331333133131133313131133333333311111131311331
  809191 2333313331113333331111133313311133333
  810271 1333313313331333133131131113133131113333313113131311331
  810271 2313311331333331313331313113311333133
  811261 1131113113233311132131111312121111131333311133131311331
  811261 2311131312111311311111113313113131333
  812241 1333313133333333333333133313331131131333311133133313331
  812241 2333133313113113333311133133313333333
  813301 1331133113333311333333111313113131133313311131133311331
  813301 2331333313311111113331113113331133113
  814341 1133311113333311133333111113131111133333113111111111331
  814341 2333113311111311131111111111111131113
  815200 1333113333333113133333133113133131311333311113131311331
  815200 2333313333111311333311113133311333333
  816221 1331133113333131133311133313313333111333333133113313331
  816221 2311333333131311333331131313111333133
  817291 1331113133331133133111113313113133131333311133133313331
  817291 2311333313311313331331313333311331313
  818240 1333133113333311133131111313111131113311111311131313331
  818240 2313113311113111331311111133313133333
  819281 1313331111333331131113131313331111311333331333133311331
  819281 2313333313131311311331133113111133133
  820341 1333113113333333133333111313111131133311311113131311331
  820341 2333133311111311333111113111313131333
  821221 1233313333333331333113133313111131113333113131133313331
  821221 2313333313111311333311131313333331333
  822270 1133313333333131333311113313111311133331311131133311331
  822270 2113313313111133333311113133113331331
  823231 1131313113331331133133131111131131113233131113131313333
  823231 2313311311111311333331131133311133113
  824301 1313312113333331131131111313131131133331313111111311331
  824301 2313313333311313331111133133111113333
  825301 1131333113333331333111111113131131131313111113111331331
  825301 2333133313311111331311113333311331333
  826220 1111313313333311111131133131111111131331113111131311331
  826220 2313313311111313131111111113311133313
  827270 1333313113333111133133111113311131113331111111131111331
  827270 2113311311113111133111113133111331333
  828211 1313333333331133331311133313111133111331111131133313131
  828211 2313331133133313113311131333311333333
  829301 1333333113333133333131131313111131133333311113113331113
  829301 2131311331111111133111131311331313113
  830221 1131133313333111133111113311331133111333311133133311333
  830221 2313331333311311333311333313111333333
  831311 1133333113333311133133131113131133133313311133111111331
  831311 2331113313111113331311113113111131333
  832231 1331313133333133333131333313311133111133311133313311331
  832231 2111333331313333331331111333313133133
  833231 1331313113333331133131111311131131131331313111111111331
  833231 2333113311111111331111113111313333113
  834381 1332133133333133131313133313313131113333311133133311331
  834381 2333333333313113333311133313333113333
  835221 1131333113331331131131113313111131113333311333133311331
  835221 2133333333313311311331133113313333333
  836250 1133333333333113331311133113133333321333131131133313133
  836250 2313333333333333133331331133113333313
  837321 1133313113333331133131111113133111131333311131111311331
  837321 2113313311111111333111111133111131333
  838341 1333113113333333133333111313111131133311311113131311331
  838341 2333133311111311333111113111313131333
